time,acc_x,acc_y,acc_z,vel_x,vel_y,vel_z,pos_x,pos_y,pos_z
0.2,-0.009,0.011,0.324,0.000,0.000,0.000,0.000,0.000,0.000
0.4,-0.011,-0.010,0.274,0.000,0.000,0.000,0.000,0.000,0.000
0.6,-0.019,-0.020,0.235,0.000,0.000,0.000,0.000,0.000,0.000
0.8,-0.009,0.000,0.196,0.000,0.000,0.000,0.000,0.000,0.000
1.0,0.000,-0.007,0.127,0.000,0.000,0.000,0.000,0.000,0.000
1.2,0.001,-0.006,-0.010,0.000,0.000,0.000,0.000,0.000,0.000
1.4,0.002,-0.003,-0.069,0.000,0.000,0.000,0.000,0.000,0.000
1.6,0.001,-0.009,-0.088,0.000,0.000,0.000,0.000,0.000,0.000
1.8,0.000,-0.006,-0.118,0.000,0.000,0.000,0.000,0.000,0.000
2.0,0.000,-0.005,-0.010,0.000,0.000,0.000,0.000,0.000,0.000
2.2,0.000,-0.003,-0.039,0.000,0.000,0.000,0.000,0.000,0.000
2.4,0.001,-0.001,-0.029,0.000,0.000,0.000,0.000,0.000,0.000
2.6,0.000,-0.009,-0.039,0.000,0.000,0.000,0.000,0.000,0.000
2.8,0.000,0.008,0.000,0.000,0.000,0.000,0.000,0.000,0.000
3.0,0.000,-0.012,0.020,0.000,0.000,0.000,0.000,0.000,0.000
3.2,0.000,-0.001,0.020,0.000,0.000,0.000,0.000,0.000,0.000
3.4,0.001,-0.000,0.000,0.000,0.000,0.000,0.000,0.000,0.000
3.6,0.000,-0.001,-0.020,0.000,0.000,0.000,0.000,0.000,0.000
3.8,0.000,0.007,0.020,0.000,0.000,0.000,0.000,0.000,0.000
4.0,0.001,0.007,0.049,0.000,0.000,0.000,0.000,0.000,0.000
4.2,0.000,-0.004,0.010,0.001,0.003,0.024,0.001,0.003,0.021
4.4,0.000,-0.004,0.020,0.000,0.003,0.074,0.002,0.011,0.139
4.6,0.000,-0.005,0.020,0.001,0.003,0.133,0.003,0.018,0.396
4.8,0.000,-0.004,0.020,0.001,0.002,0.180,0.004,0.024,0.746
5.0,0.000,0.005,0.000,0.001,-0.001,0.224,0.006,0.026,1.238
5.2,0.000,-0.003,0.020,0.001,-0.004,0.249,0.008,0.020,1.762
5.4,-0.000,-0.003,-0.010,0.002,-0.007,0.272,0.011,0.005,2.392
5.6,-0.000,-0.003,-0.020,0.001,-0.011,0.269,0.015,-0.015,2.990
5.8,-0.009,-0.012,0.000,0.001,-0.009,0.260,0.017,-0.038,3.570
6.0,0.000,-0.004,0.000,-0.000,-0.004,0.256,0.016,-0.052,4.136
6.2,-0.009,-0.004,-0.010,-0.000,-0.004,0.253,0.016,-0.061,4.745
6.4,0.000,-0.014,0.000,-0.001,-0.006,0.253,0.013,-0.073,5.303
6.6,0.000,-0.003,0.020,-0.002,-0.008,0.253,0.010,-0.087,5.808
6.8,0.000,-0.003,0.000,-0.002,-0.009,0.256,0.007,-0.106,6.368
7.0,-0.001,0.005,0.010,-0.001,-0.007,0.253,0.004,-0.123,6.926
7.2,-0.000,-0.003,0.010,-0.001,-0.010,0.258,0.002,-0.140,7.486
7.4,-0.000,-0.005,0.010,-0.002,-0.010,0.260,-0.002,-0.164,8.058
7.6,-0.001,-0.005,-0.020,-0.002,-0.011,0.261,-0.005,-0.187,8.633
7.8,-0.001,-0.003,0.010,-0.001,-0.016,0.253,-0.008,-0.216,9.146
8.0,-0.001,-0.004,0.000,-0.003,-0.016,0.253,-0.013,-0.252,9.703
8.2,-0.000,-0.003,0.020,-0.004,-0.016,0.256,-0.019,-0.284,10.211
8.4,-0.000,0.005,0.010,-0.005,-0.016,0.269,-0.029,-0.320,10.790
8.6,-0.009,-0.004,0.010,-0.006,-0.014,0.294,-0.040,-0.352,11.410
8.8,0.000,-0.003,0.010,-0.007,-0.015,0.327,-0.053,-0.381,12.033
9.0,0.000,-0.003,0.010,-0.007,-0.013,0.358,-0.068,-0.413,12.789
9.2,0.000,-0.003,0.010,-0.006,-0.014,0.378,-0.081,-0.440,13.528
9.4,-0.001,-0.003,-0.010,-0.005,-0.011,0.395,-0.094,-0.468,14.381
9.6,-0.000,-0.003,-0.010,-0.005,-0.008,0.405,-0.105,-0.488,15.266
9.8,-0.000,-0.004,-0.010,-0.005,-0.009,0.411,-0.117,-0.506,16.164
10.0,-0.000,0.005,0.000,-0.005,-0.008,0.409,-0.127,-0.523,16.983
10.2,-0.000,-0.013,-0.010,-0.005,-0.010,0.410,-0.137,-0.541,17.885
10.4,0.001,0.004,-0.010,-0.005,-0.010,0.410,-0.147,-0.562,18.704
10.6,0.000,0.003,0.020,-0.005,-0.008,0.412,-0.158,-0.581,19.607
10.8,0.000,-0.006,0.000,-0.005,-0.009,0.421,-0.170,-0.599,20.521
11.0,0.000,-0.006,-0.010,-0.004,-0.014,0.435,-0.179,-0.622,21.380
11.2,-0.001,0.004,0.000,-0.004,-0.019,0.432,-0.188,-0.658,22.336
11.4,-0.001,-0.006,0.010,-0.005,-0.020,0.416,-0.198,-0.700,23.267
11.6,-0.000,-0.006,-0.010,-0.006,-0.023,0.406,-0.210,-0.743,24.087
11.8,-0.000,0.005,-0.010,-0.008,-0.028,0.387,-0.227,-0.799,24.957
12.0,-0.000,-0.003,0.000,-0.010,-0.033,0.383,-0.247,-0.867,25.797
12.2,-0.000,-0.004,0.000,-0.010,-0.034,0.406,-0.268,-0.943,26.665
12.4,0.000,0.005,0.029,-0.010,-0.031,0.442,-0.291,-1.015,27.600
12.6,-0.001,-0.005,0.010,-0.010,-0.029,0.481,-0.311,-1.074,28.527
12.8,-0.001,-0.006,0.010,-0.010,-0.024,0.525,-0.332,-1.131,29.636
13.0,-0.001,0.003,0.020,-0.010,-0.020,0.559,-0.352,-1.174,30.724
13.2,0.000,0.003,0.029,-0.013,-0.016,0.600,-0.378,-1.215,32.002
13.4,0.000,0.003,0.020,-0.015,-0.014,0.646,-0.407,-1.245,33.251
13.6,0.000,0.011,0.029,-0.015,-0.010,0.699,-0.439,-1.270,34.735
13.8,0.000,0.002,0.010,-0.015,-0.007,0.740,-0.472,-1.288,36.327
14.0,0.000,0.002,-0.010,-0.015,-0.007,0.750,-0.505,-1.303,37.972
14.2,0.000,-0.006,-0.020,-0.015,-0.010,0.732,-0.535,-1.320,39.455
14.4,0.000,-0.006,-0.039,-0.015,-0.011,0.694,-0.568,-1.342,41.023
14.6,0.001,0.003,-0.029,-0.016,-0.011,0.642,-0.599,-1.364,42.357
14.8,0.000,-0.005,0.010,-0.016,-0.017,0.597,-0.633,-1.394,43.702
15.0,0.000,-0.005,0.020,-0.015,-0.021,0.603,-0.663,-1.434,44.897
15.2,0.000,-0.005,0.020,-0.013,-0.022,0.633,-0.694,-1.481,46.259
15.4,-0.000,-0.007,0.020,-0.012,-0.022,0.660,-0.721,-1.528,47.687
15.6,-0.000,0.013,0.000,-0.012,-0.019,0.689,-0.747,-1.574,49.174
15.8,-0.000,0.004,-0.010,-0.012,-0.020,0.709,-0.770,-1.613,50.577
16.0,-0.000,-0.005,-0.010,-0.012,-0.021,0.708,-0.797,-1.657,52.139
16.2,0.000,0.015,0.000,-0.013,-0.023,0.701,-0.824,-1.705,53.688
16.4,0.001,-0.004,0.000,-0.014,-0.021,0.698,-0.850,-1.749,55.086
16.6,0.000,0.014,0.010,-0.016,-0.022,0.703,-0.883,-1.798,56.625
16.8,0.000,-0.005,0.010,-0.016,-0.017,0.721,-0.915,-1.836,58.048
17.0,0.000,-0.007,0.010,-0.015,-0.012,0.746,-0.950,-1.868,59.665
17.2,0.000,-0.006,0.010,-0.014,-0.010,0.771,-0.979,-1.891,61.184
17.4,0.000,0.002,0.010,-0.014,-0.006,0.793,-1.010,-1.908,62.907
17.6,0.000,0.002,-0.010,-0.014,-0.006,0.806,-1.038,-1.920,64.512
17.8,0.000,-0.008,0.000,-0.014,-0.008,0.801,-1.069,-1.936,66.279
18.0,0.000,-0.008,0.010,-0.014,-0.009,0.798,-1.100,-1.955,68.039
18.2,0.000,0.001,0.010,-0.014,-0.011,0.794,-1.127,-1.976,69.630
18.4,0.000,0.003,0.000,-0.014,-0.014,0.795,-1.158,-2.003,71.380
18.6,0.000,-0.006,0.010,-0.014,-0.017,0.800,-1.189,-2.038,73.134
18.8,0.000,0.003,-0.010,-0.014,-0.016,0.809,-1.216,-2.071,74.745
19.0,0.000,-0.008,-0.020,-0.014,-0.012,0.814,-1.247,-2.101,76.531
19.2,0.000,-0.008,-0.010,-0.014,-0.011,0.809,-1.275,-2.123,78.155
19.4,0.000,-0.007,0.000,-0.014,-0.014,0.798,-1.305,-2.150,79.921
19.6,0.000,-0.007,0.029,-0.014,-0.014,0.801,-1.336,-2.181,81.678
19.8,0.000,-0.007,0.010,-0.014,-0.015,0.823,-1.366,-2.214,83.465
20.0,0.000,-0.005,0.029,-0.014,-0.015,0.844,-1.394,-2.244,85.134
20.2,0.000,0.004,0.020,-0.014,-0.017,0.875,-1.425,-2.280,87.029
20.4,0.000,-0.015,0.000,-0.014,-0.017,0.904,-1.455,-2.316,88.990
20.6,0.000,0.012,0.010,-0.013,-0.016,0.917,-1.482,-2.349,90.813
20.8,0.000,-0.016,0.020,-0.010,-0.015,0.930,-1.507,-2.383,92.845
21.0,0.000,-0.006,0.010,-0.009,-0.017,0.937,-1.527,-2.419,94.901
21.2,0.000,0.004,0.000,-0.008,-0.019,0.943,-1.544,-2.455,96.783
21.4,0.000,-0.006,0.000,-0.008,-0.020,0.949,-1.562,-2.499,98.864
21.6,0.000,0.012,0.000,-0.008,-0.020,0.955,-1.580,-2.543,100.960
21.8,0.000,0.001,0.010,-0.008,-0.020,0.956,-1.596,-2.583,102.871
22.0,0.010,0.001,0.020,-0.008,-0.021,0.963,-1.613,-2.627,104.982
22.2,0.000,0.001,-0.010,-0.005,-0.023,0.966,-1.628,-2.676,107.106
22.4,0.000,0.000,0.020,-0.005,-0.022,0.970,-1.637,-2.721,109.039
22.6,0.000,-0.007,0.020,-0.003,-0.024,0.983,-1.645,-2.767,110.994
22.8,0.000,0.003,0.020,-0.002,-0.026,1.001,-1.651,-2.823,113.178
23.0,0.000,-0.006,0.020,-0.002,-0.027,1.025,-1.656,-2.881,115.409
23.2,0.000,0.003,-0.029,-0.002,-0.029,1.043,-1.661,-2.938,117.483
23.4,0.000,0.003,-0.010,-0.002,-0.029,1.032,-1.665,-3.003,119.767
23.6,0.000,-0.007,0.000,-0.001,-0.027,1.017,-1.669,-3.066,122.020
23.8,0.000,0.002,-0.020,-0.000,-0.024,0.996,-1.670,-3.121,124.234
24.0,0.000,0.004,-0.029,-0.000,-0.022,0.967,-1.671,-3.166,126.196
24.2,0.000,0.004,0.000,-0.000,-0.019,0.937,-1.672,-3.211,128.282
24.4,0.000,-0.016,0.000,-0.000,-0.015,0.933,-1.672,-3.245,130.151
24.6,0.000,-0.006,-0.010,-0.000,-0.012,0.934,-1.672,-3.273,132.204
24.8,0.000,0.004,0.010,-0.000,-0.011,0.943,-1.673,-3.296,134.080
25.0,-0.000,-0.016,0.010,0.001,-0.005,0.966,-1.672,-3.314,136.179
25.2,-0.000,0.012,-0.010,0.000,0.003,0.968,-1.671,-3.316,138.313
25.4,-0.000,0.011,-0.020,-0.000,0.006,0.946,-1.672,-3.305,140.420
25.6,-0.000,0.004,-0.029,-0.000,0.008,0.911,-1.673,-3.291,142.275
25.8,0.000,0.003,-0.020,0.000,0.012,0.876,-1.673,-3.269,144.236
26.0,0.000,-0.009,-0.020,0.001,0.014,0.842,-1.672,-3.242,145.950
26.2,0.000,-0.008,-0.010,0.000,0.013,0.811,-1.671,-3.211,147.763
26.4,0.000,0.002,-0.010,0.000,0.009,0.791,-1.671,-3.188,149.522
26.6,-0.001,0.003,-0.010,0.001,0.009,0.776,-1.670,-3.171,151.087
26.8,-0.000,0.002,-0.010,0.001,0.006,0.756,-1.669,-3.155,152.769
27.0,-0.000,0.002,0.010,0.000,0.003,0.744,-1.668,-3.145,154.265
27.2,-0.001,-0.007,0.020,-0.000,0.001,0.752,-1.669,-3.140,155.908
27.4,-0.001,0.004,0.010,0.001,-0.002,0.769,-1.668,-3.143,157.431
27.6,-0.000,0.001,0.029,0.002,-0.000,0.791,-1.663,-3.144,159.149
27.8,-0.000,0.001,0.010,0.002,-0.001,0.816,-1.659,-3.146,160.759
28.0,-0.000,0.002,0.020,0.002,-0.000,0.836,-1.655,-3.148,162.581
28.2,0.000,0.002,0.010,0.001,0.001,0.847,-1.652,-3.146,164.435
28.4,0.000,-0.007,0.010,0.000,-0.001,0.853,-1.650,-3.147,166.136
28.6,0.000,-0.008,0.020,-0.000,-0.003,0.862,-1.650,-3.152,168.021
28.8,-0.001,0.002,0.000,0.000,-0.007,0.876,-1.650,-3.163,169.763
29.0,-0.000,-0.007,-0.010,0.001,-0.010,0.879,-1.649,-3.182,171.696
29.2,-0.000,0.003,-0.010,0.002,-0.012,0.873,-1.645,-3.204,173.448
29.4,-0.002,0.002,0.000,0.003,-0.009,0.863,-1.640,-3.227,175.358
29.6,-0.001,0.010,-0.010,0.003,-0.005,0.850,-1.632,-3.241,177.244
29.8,-0.001,-0.017,0.000,0.003,-0.001,0.832,-1.627,-3.245,178.924
30.0,-0.000,-0.006,0.000,0.002,-0.006,0.827,-1.621,-3.254,180.746
30.2,-0.000,0.013,-0.010,0.001,-0.008,0.827,-1.617,-3.270,182.565
30.4,-0.000,-0.006,-0.020,0.001,-0.008,0.821,-1.614,-3.285,184.214
30.6,-0.001,-0.008,0.000,0.003,-0.009,0.814,-1.609,-3.303,186.012
30.8,0.000,0.002,0.010,0.003,-0.012,0.815,-1.601,-3.327,187.800
31.0,0.000,0.002,0.010,0.003,-0.016,0.829,-1.595,-3.355,189.443
31.2,0.000,-0.008,0.020,0.004,-0.020,0.847,-1.587,-3.395,191.287
31.4,-0.001,0.003,0.010,0.005,-0.024,0.871,-1.576,-3.444,193.179
31.6,-0.000,0.002,0.010,0.006,-0.023,0.895,-1.564,-3.491,194.946
31.8,-0.001,0.002,0.000,0.006,-0.021,0.907,-1.553,-3.534,196.752
32.0,-0.001,0.003,0.000,0.007,-0.018,0.916,-1.539,-3.576,198.758
32.2,-0.000,0.002,-0.010,0.006,-0.014,0.923,-1.525,-3.612,200.784
32.4,-0.000,-0.006,-0.010,0.006,-0.015,0.925,-1.513,-3.641,202.632
32.6,-0.000,-0.007,0.010,0.006,-0.014,0.927,-1.501,-3.673,204.669
32.8,0.000,-0.004,0.000,0.006,-0.015,0.936,-1.487,-3.705,206.717
33.0,0.000,-0.005,0.000,0.007,-0.013,0.949,-1.474,-3.733,208.603
33.2,0.000,0.006,0.000,0.007,-0.013,0.962,-1.459,-3.763,210.707
33.4,0.000,-0.006,0.010,0.007,-0.007,0.972,-1.444,-3.785,212.834
33.6,0.000,0.004,0.000,0.007,-0.004,0.984,-1.431,-3.797,214.792
33.8,-0.001,0.004,0.000,0.009,-0.000,0.994,-1.413,-3.800,216.971
34.0,-0.000,0.002,-0.010,0.009,0.003,0.996,-1.393,-3.798,219.160
34.2,-0.000,0.013,0.000,0.009,0.003,0.993,-1.376,-3.791,221.149
34.4,-0.000,0.003,0.000,0.008,0.001,0.993,-1.357,-3.786,223.335
34.6,-0.000,0.004,0.000,0.008,-0.002,0.980,-1.340,-3.787,225.507
34.8,0.000,0.012,-0.010,0.008,-0.002,0.961,-1.324,-3.793,227.447
35.0,0.000,0.001,0.000,0.009,0.001,0.942,-1.307,-3.793,229.538
35.2,0.008,-0.008,-0.020,0.010,0.004,0.922,-1.285,-3.786,231.588
35.4,-0.002,0.000,-0.010,0.011,0.007,0.925,-1.264,-3.774,233.433
35.6,-0.001,0.002,0.000,0.010,0.007,0.918,-1.241,-3.759,235.459
35.8,-0.001,0.012,-0.020,0.009,0.005,0.908,-1.222,-3.746,237.286
36.0,-0.000,0.002,-0.020,0.008,0.004,0.887,-1.202,-3.736,239.257
36.2,-0.001,-0.007,-0.010,0.011,0.004,0.868,-1.183,-3.727,241.010
36.4,0.008,0.003,0.020,0.013,0.005,0.859,-1.158,-3.719,242.734
36.6,-0.001,0.002,0.010,0.013,0.009,0.865,-1.131,-3.705,244.456
36.8,-0.001,0.011,0.029,0.012,0.015,0.887,-1.104,-3.676,246.384
37.0,-0.000,-0.006,0.029,0.010,0.018,0.919,-1.080,-3.641,248.372
37.2,-0.000,0.003,0.020,0.009,0.021,0.957,-1.060,-3.597,250.443
37.4,0.010,-0.017,0.020,0.008,0.019,0.986,-1.043,-3.557,252.386
37.6,-0.002,0.005,0.020,0.011,0.014,1.010,-1.023,-3.522,254.585
37.8,-0.003,0.003,0.010,0.013,0.015,1.039,-0.999,-3.494,256.635
38.0,-0.003,-0.008,0.010,0.012,0.016,1.066,-0.970,-3.460,258.953
38.2,-0.002,-0.007,0.000,0.009,0.017,1.079,-0.949,-3.427,261.102
38.4,-0.001,0.002,-0.010,0.006,0.017,1.087,-0.933,-3.391,263.485
38.6,-0.001,0.001,-0.010,0.006,0.018,1.094,-0.922,-3.356,265.668
38.8,-0.001,-0.009,0.010,0.005,0.017,1.098,-0.910,-3.317,268.079
39.0,-0.000,0.001,-0.010,0.003,0.012,1.102,-0.902,-3.286,270.498
39.2,-0.000,-0.008,-0.010,0.002,0.010,1.102,-0.897,-3.265,272.705
39.4,-0.000,-0.008,0.000,0.002,0.010,1.089,-0.893,-3.244,275.113
39.6,-0.001,-0.008,-0.010,0.004,0.010,1.073,-0.887,-3.223,277.493
39.8,-0.001,0.002,-0.010,0.004,0.011,1.056,-0.879,-3.202,279.619
40.0,-0.000,0.013,0.000,0.003,0.009,1.038,-0.871,-3.180,281.921
40.2,-0.000,-0.006,-0.010,0.003,0.010,1.034,-0.865,-3.160,283.990
40.4,-0.000,0.003,0.000,0.002,0.014,1.030,-0.860,-3.134,286.258
40.6,-0.000,0.002,0.010,0.001,0.016,1.032,-0.857,-3.101,288.525
40.8,-0.002,0.001,0.010,0.002,0.016,1.037,-0.854,-3.069,290.593
41.0,-0.001,0.001,0.010,0.002,0.017,1.042,-0.850,-3.035,292.880
41.2,-0.001,0.001,0.010,0.001,0.018,1.052,-0.846,-3.000,294.973
41.4,-0.001,0.011,0.020,-0.000,0.016,1.080,-0.846,-2.966,297.105
41.6,-0.002,0.012,0.029,0.001,0.018,1.121,-0.846,-2.929,299.530
41.8,-0.001,0.003,0.020,-0.001,0.023,1.162,-0.846,-2.883,302.046
42.0,-0.002,0.005,0.000,-0.001,0.027,1.189,-0.848,-2.833,304.405
42.2,-0.001,0.002,0.000,-0.003,0.032,1.199,-0.852,-2.768,307.034
42.4,-0.001,0.000,0.000,-0.005,0.035,1.200,-0.860,-2.700,309.436
42.6,0.008,-0.008,0.000,-0.007,0.032,1.194,-0.873,-2.626,312.068
42.8,0.017,-0.015,-0.010,-0.007,0.027,1.191,-0.887,-2.567,314.452
43.0,0.007,0.003,-0.020,-0.006,0.023,1.181,-0.902,-2.514,317.066
43.2,0.007,0.005,-0.020,-0.007,0.023,1.155,-0.916,-2.462,319.634
43.4,-0.002,-0.004,-0.020,-0.009,0.022,1.132,-0.933,-2.416,321.919
43.6,-0.001,0.002,-0.010,-0.010,0.025,1.111,-0.951,-2.369,324.159
43.8,-0.001,-0.007,0.000,-0.011,0.024,1.082,-0.974,-2.314,326.571
44.0,-0.000,0.021,0.010,-0.013,0.020,1.074,-1.001,-2.267,328.938
44.2,-0.001,0.002,0.010,-0.013,0.021,1.080,-1.028,-2.225,331.093
44.4,-0.001,0.001,0.010,-0.014,0.019,1.099,-1.057,-2.181,333.490
44.6,-0.001,0.003,0.010,-0.014,0.015,1.121,-1.088,-2.142,335.933
44.8,-0.000,-0.007,0.010,-0.016,0.011,1.144,-1.118,-2.117,338.200
45.0,-0.001,0.001,0.029,-0.016,0.009,1.170,-1.150,-2.097,340.516
45.2,-0.001,0.004,0.029,-0.016,0.004,1.201,-1.185,-2.085,343.127
45.4,-0.001,0.004,0.020,-0.016,-0.000,1.239,-1.220,-2.081,345.814
45.6,-0.001,0.013,0.020,-0.014,0.001,1.273,-1.250,-2.081,348.329
45.8,-0.001,0.004,0.010,-0.015,0.002,1.295,-1.281,-2.077,351.164
46.0,-0.002,0.003,-0.010,-0.014,0.005,1.296,-1.310,-2.069,353.757
46.2,0.008,0.003,0.020,-0.016,0.009,1.298,-1.344,-2.052,356.607
46.4,-0.001,0.003,0.000,-0.017,0.010,1.312,-1.377,-2.033,359.217
46.6,-0.001,0.006,0.010,-0.019,0.009,1.330,-1.417,-2.012,362.125
46.8,-0.000,-0.005,-0.020,-0.020,0.016,1.337,-1.457,-1.986,364.797
47.0,-0.001,0.004,-0.010,-0.019,0.021,1.318,-1.501,-1.946,367.718
47.2,-0.001,0.003,-0.029,-0.019,0.027,1.294,-1.538,-1.898,370.327
47.4,-0.001,0.002,-0.020,-0.019,0.032,1.253,-1.580,-1.831,373.128
47.6,-0.000,0.000,0.000,-0.018,0.036,1.207,-1.617,-1.763,375.581
47.8,-0.004,0.022,-0.020,-0.017,0.033,1.173,-1.656,-1.686,378.195
48.0,-0.012,0.015,0.000,-0.016,0.032,1.138,-1.692,-1.616,380.733
48.2,-0.002,0.004,-0.010,-0.018,0.033,1.110,-1.726,-1.552,382.978
48.4,-0.002,-0.004,-0.029,-0.019,0.035,1.080,-1.768,-1.477,385.383
48.6,0.008,0.004,-0.020,-0.020,0.039,1.049,-1.807,-1.404,387.509
48.8,-0.002,0.013,0.000,-0.020,0.041,1.030,-1.850,-1.315,389.787
49.0,-0.001,-0.007,0.010,-0.023,0.043,1.024,-1.897,-1.222,392.045
49.2,-0.001,0.002,-0.020,-0.024,0.042,1.013,-1.944,-1.137,394.083
49.4,0.000,0.002,-0.029,-0.025,0.044,0.994,-1.998,-1.041,396.288
49.6,0.000,0.002,0.020,-0.026,0.043,0.976,-2.049,-0.955,398.251
49.8,0.008,-0.014,0.000,-0.025,0.041,0.976,-2.106,-0.861,400.397
50.0,-0.002,-0.004,0.010,-0.023,0.041,0.990,-2.154,-0.779,402.361
50.2,-0.001,0.004,0.020,-0.023,0.043,1.016,-2.204,-0.686,404.571
50.4,-0.001,-0.003,0.000,-0.024,0.042,1.034,-2.252,-0.600,406.624
50.6,-0.000,-0.003,-0.010,-0.024,0.044,1.036,-2.305,-0.505,408.909
50.8,-0.000,-0.004,-0.010,-0.025,0.047,1.022,-2.355,-0.414,410.964
51.0,-0.000,0.004,0.000,-0.023,0.050,1.005,-2.408,-0.308,413.193
51.2,0.000,-0.006,-0.010,-0.022,0.054,0.999,-2.453,-0.204,415.195
51.4,0.000,0.004,-0.020,-0.021,0.058,0.991,-2.500,-0.080,417.383
51.6,0.000,0.004,0.000,-0.022,0.062,0.984,-2.542,0.042,419.357
51.8,0.000,0.005,0.000,-0.022,0.062,0.966,-2.590,0.180,421.503
52.0,0.000,0.006,-0.010,-0.022,0.060,0.943,-2.639,0.312,423.601
52.2,0.000,0.004,-0.010,-0.022,0.062,0.919,-2.683,0.434,425.461
52.4,0.010,0.005,0.000,-0.022,0.066,0.897,-2.731,0.576,427.454
52.6,-0.001,-0.005,0.010,-0.020,0.069,0.892,-2.778,0.726,429.418
52.8,-0.000,-0.006,0.000,-0.020,0.073,0.898,-2.817,0.868,431.208
53.0,-0.000,-0.006,0.000,-0.018,0.077,0.907,-2.854,1.017,433.014
53.2,-0.000,0.013,0.029,-0.017,0.077,0.916,-2.893,1.185,435.019
53.4,-0.001,-0.006,0.000,-0.016,0.078,0.926,-2.926,1.341,436.861
53.6,-0.000,0.003,0.020,-0.015,0.079,0.938,-2.959,1.513,438.912
53.8,-0.000,0.003,0.020,-0.015,0.081,0.958,-2.992,1.689,441.000
54.0,-0.000,0.003,0.020,-0.014,0.081,0.977,-3.021,1.850,442.935
54.2,-0.001,0.004,0.000,-0.011,0.080,1.001,-3.048,2.027,445.114
54.4,-0.002,0.001,0.000,-0.010,0.081,1.015,-3.069,2.188,447.134
54.6,-0.001,-0.007,0.000,-0.009,0.082,1.014,-3.089,2.369,449.368
54.8,-0.001,0.000,0.000,-0.010,0.083,0.999,-3.110,2.552,451.582
55.0,-0.001,-0.009,0.000,-0.012,0.079,0.990,-3.132,2.714,453.568
55.2,-0.000,0.003,0.010,-0.013,0.075,0.986,-3.158,2.868,455.543
55.4,0.009,0.001,0.029,-0.013,0.074,1.004,-3.187,3.032,457.728
55.6,0.010,0.001,0.039,-0.012,0.072,1.048,-3.212,3.178,459.780
55.8,-0.000,-0.007,0.020,-0.010,0.069,1.115,-3.236,3.333,462.165
56.0,0.009,-0.006,0.039,-0.009,0.069,1.174,-3.254,3.471,464.461
56.2,-0.000,0.002,-0.010,-0.008,0.073,1.228,-3.271,3.627,467.114
56.4,-0.001,0.003,-0.020,-0.007,0.072,1.240,-3.287,3.787,469.836
56.6,-0.000,0.003,-0.029,-0.007,0.071,1.227,-3.300,3.930,472.305
56.8,-0.000,-0.006,-0.010,-0.008,0.071,1.195,-3.316,4.087,474.967
57.0,-0.000,-0.004,-0.020,-0.008,0.067,1.166,-3.332,4.224,477.325
57.2,-0.001,-0.002,0.000,-0.006,0.064,1.143,-3.346,4.366,479.856
57.4,-0.001,-0.002,-0.010,-0.007,0.067,1.139,-3.360,4.510,482.366
57.6,-0.002,0.007,-0.010,-0.007,0.070,1.142,-3.373,4.648,484.645
57.8,-0.002,-0.003,0.000,-0.007,0.077,1.143,-3.390,4.809,487.157
58.0,-0.001,0.004,-0.020,-0.008,0.084,1.144,-3.405,4.970,489.445
58.2,0.018,0.001,0.000,-0.008,0.091,1.142,-3.422,5.163,491.959
58.4,-0.005,-0.008,0.000,-0.001,0.094,1.145,-3.432,5.350,494.246
58.6,-0.003,0.002,0.000,0.001,0.092,1.151,-3.430,5.555,496.770
58.8,-0.002,0.020,0.010,-0.002,0.087,1.153,-3.431,5.752,499.307
59.0,-0.001,-0.009,-0.020,-0.005,0.087,1.151,-3.440,5.925,501.610
59.2,-0.001,0.001,-0.010,-0.008,0.085,1.131,-3.455,6.113,504.123
59.4,-0.000,0.003,-0.039,-0.008,0.082,1.100,-3.471,6.280,506.354
59.6,-0.000,0.003,-0.029,-0.009,0.080,1.051,-3.489,6.458,508.716
59.8,-0.001,0.003,-0.020,-0.009,0.081,1.002,-3.507,6.620,510.767
60.0,-0.000,0.002,0.010,-0.009,0.081,0.953,-3.527,6.798,512.906
60.2,-0.000,0.001,0.029,-0.009,0.081,0.944,-3.545,6.959,514.798
60.4,-0.000,-0.007,0.020,-0.009,0.083,0.955,-3.564,7.123,516.696
60.6,-0.000,0.002,0.020,-0.009,0.083,0.988,-3.583,7.305,518.833
60.8,0.000,0.002,0.010,-0.009,0.085,1.015,-3.602,7.474,520.841
61.0,0.000,0.003,-0.010,-0.009,0.083,1.022,-3.622,7.658,523.090
61.2,0.000,0.002,-0.020,-0.009,0.081,1.002,-3.643,7.838,525.319
61.4,0.000,-0.006,-0.020,-0.009,0.077,0.966,-3.662,7.995,527.284
61.6,0.000,-0.005,-0.010,-0.009,0.076,0.931,-3.683,8.163,529.367
61.8,-0.009,-0.006,-0.029,-0.010,0.076,0.896,-3.701,8.315,531.191
62.0,0.000,0.006,-0.010,-0.010,0.075,0.862,-3.723,8.482,533.119
62.2,0.010,0.004,-0.020,-0.009,0.081,0.842,-3.743,8.637,534.822
62.4,-0.000,0.003,-0.010,-0.007,0.087,0.812,-3.761,8.821,536.639
62.6,0.009,0.002,0.010,-0.006,0.091,0.789,-3.773,9.000,538.235
