time,acc_x,acc_y,acc_z,vel_x,vel_y,vel_z,pos_x,pos_y,pos_z
0.2,0.005,-0.001,0.296,0.000,-0.000,0.089,-0.000,-0.000,0.024
0.4,0.004,0.000,0.247,-0.004,-0.000,0.613,-0.007,-0.000,0.785
0.6,0.002,0.007,0.207,-0.004,0.009,1.203,-0.014,0.011,3.051
0.8,-0.015,0.008,0.178,-0.022,0.005,1.687,-0.052,0.032,6.584
1.0,-0.006,-0.010,0.168,-0.028,-0.005,2.057,-0.103,0.026,10.738
1.2,-0.002,-0.004,-0.039,-0.039,-0.019,2.221,-0.176,0.001,15.565
1.4,-0.002,-0.011,-0.069,-0.042,-0.029,2.103,-0.264,-0.049,20.320
1.6,-0.001,-0.015,-0.137,-0.033,-0.047,1.822,-0.361,-0.145,25.422
1.8,0.007,-0.003,-0.157,-0.022,-0.052,1.494,-0.424,-0.252,29.050
2.0,0.005,-0.011,0.000,-0.015,-0.062,1.151,-0.470,-0.374,31.893
2.2,-0.013,-0.008,-0.020,-0.020,-0.063,1.123,-0.506,-0.526,34.628
2.4,0.005,0.003,-0.020,-0.014,-0.063,1.071,-0.544,-0.679,37.260
2.6,0.005,0.003,-0.039,-0.007,-0.061,0.998,-0.563,-0.815,39.530
2.8,-0.002,0.001,-0.039,-0.009,-0.060,0.897,-0.586,-0.972,41.985
3.0,0.006,-0.005,-0.000,-0.002,-0.072,0.895,-0.601,-1.133,44.124
3.2,0.004,0.004,-0.000,-0.001,-0.077,0.894,-0.604,-1.309,46.276
3.4,0.004,0.012,0.010,0.003,-0.072,0.892,-0.602,-1.488,48.413
3.6,0.004,0.004,-0.010,0.011,-0.081,0.880,-0.588,-1.659,50.360
3.8,0.002,0.004,0.010,0.015,-0.078,0.892,-0.553,-1.833,52.299
4.0,-0.007,-0.006,0.010,0.012,-0.079,0.925,-0.519,-2.003,54.304
4.2,0.003,0.005,0.030,0.013,-0.077,0.982,-0.487,-2.184,56.598
4.4,0.012,-0.008,0.039,0.012,-0.071,1.039,-0.462,-2.341,58.824
4.6,0.011,0.000,0.010,0.015,-0.067,1.097,-0.435,-2.503,61.400
4.8,0.001,0.002,0.010,0.018,-0.067,1.107,-0.404,-2.640,63.602
5.0,0.001,0.000,0.010,0.016,-0.059,1.146,-0.358,-2.784,66.311
5.2,0.001,-0.009,0.010,0.019,-0.059,1.196,-0.323,-2.914,68.895
5.4,-0.009,-0.000,-0.000,0.019,-0.056,1.214,-0.277,-3.039,71.556
5.6,0.001,0.008,-0.010,0.016,-0.054,1.199,-0.236,-3.173,74.464
5.8,0.010,-0.011,-0.030,0.014,-0.058,1.181,-0.211,-3.283,76.845
6.0,-0.010,-0.001,-0.010,0.010,-0.057,1.169,-0.183,-3.408,79.436
6.2,-0.003,-0.000,-0.010,0.018,-0.057,1.184,-0.151,-3.527,82.026
6.4,-0.014,-0.001,0.019,0.014,-0.062,1.180,-0.119,-3.655,84.608
6.6,-0.003,0.000,0.029,0.004,-0.068,1.210,-0.104,-3.799,87.236
6.8,-0.002,-0.003,0.019,-0.001,-0.064,1.241,-0.101,-3.942,89.931
7.0,0.010,-0.001,0.009,0.002,-0.070,1.268,-0.102,-4.080,92.446
7.2,0.008,0.009,-0.000,0.003,-0.076,1.262,-0.093,-4.247,95.237
7.4,0.001,-0.010,-0.010,-0.001,-0.079,1.273,-0.089,-4.411,98.021
7.6,-0.009,-0.008,-0.020,-0.002,-0.074,1.250,-0.087,-4.578,100.795
7.8,0.002,0.010,0.010,-0.003,-0.071,1.252,-0.090,-4.738,103.553
8.0,0.001,0.001,-0.000,-0.002,-0.067,1.248,-0.098,-4.890,106.301
8.2,0.008,0.002,0.010,0.008,-0.065,1.265,-0.091,-5.034,109.066
8.4,-0.003,0.011,0.010,0.006,-0.052,1.282,-0.079,-5.149,111.613
8.6,0.006,-0.009,-0.000,0.010,-0.049,1.301,-0.062,-5.258,114.457
8.8,-0.003,-0.011,0.010,0.007,-0.045,1.323,-0.046,-5.357,117.343
9.0,-0.012,0.007,0.010,0.001,-0.039,1.336,-0.037,-5.448,120.267
9.2,0.008,-0.002,0.029,-0.003,-0.040,1.371,-0.039,-5.526,122.978
9.4,-0.001,0.017,0.010,-0.008,-0.036,1.401,-0.056,-5.611,126.029
9.6,-0.010,-0.003,0.020,-0.010,-0.032,1.438,-0.073,-5.684,129.152
9.8,-0.001,0.007,0.000,-0.005,-0.029,1.475,-0.087,-5.747,132.068
10.0,0.008,-0.003,0.000,-0.003,-0.027,1.458,-0.094,-5.800,134.998
10.2,-0.003,0.006,-0.010,-0.001,-0.024,1.438,-0.100,-5.859,138.184
10.4,-0.011,0.005,-0.010,-0.012,-0.019,1.427,-0.113,-5.906,141.338
10.6,0.001,-0.003,0.000,-0.016,-0.026,1.407,-0.141,-5.948,144.164
10.8,-0.000,0.015,0.020,-0.015,-0.029,1.394,-0.174,-6.012,147.232
11.0,-0.002,-0.014,0.020,-0.009,-0.033,1.415,-0.197,-6.072,150.042
11.2,-0.000,-0.004,0.030,-0.011,-0.034,1.451,-0.218,-6.140,152.905
11.4,-0.001,-0.004,0.039,-0.015,-0.032,1.524,-0.248,-6.213,156.178
11.6,-0.001,-0.004,0.049,-0.017,-0.029,1.620,-0.284,-6.272,159.327
11.8,0.000,-0.004,0.000,-0.015,-0.024,1.670,-0.316,-6.325,162.646
12.0,-0.000,0.005,-0.010,-0.010,-0.023,1.656,-0.341,-6.378,166.310
12.2,-0.001,0.015,-0.010,-0.006,-0.021,1.624,-0.356,-6.435,169.915
12.4,0.009,0.007,-0.029,-0.009,-0.026,1.558,-0.377,-6.489,173.414
12.6,0.010,0.007,-0.039,-0.004,-0.023,1.487,-0.392,-6.539,176.454
12.8,-0.009,-0.003,0.010,-0.005,-0.028,1.483,-0.403,-6.594,179.702
13.0,-0.008,-0.002,0.000,-0.015,-0.033,1.487,-0.421,-6.665,182.978
13.2,-0.001,0.007,-0.010,-0.007,-0.031,1.475,-0.444,-6.731,185.940
13.4,0.001,0.005,-0.029,-0.011,-0.031,1.462,-0.462,-6.798,189.172
13.6,0.000,0.005,0.039,-0.009,-0.032,1.467,-0.479,-6.865,192.387
13.8,-0.001,-0.003,0.029,-0.008,-0.033,1.532,-0.499,-6.932,195.688
14.0,0.000,-0.003,0.039,-0.007,-0.037,1.590,-0.513,-7.001,198.812
14.2,-0.002,-0.003,0.049,0.000,-0.035,1.666,-0.517,-7.081,202.397
14.4,-0.011,0.007,0.029,0.001,-0.039,1.738,-0.515,-7.168,206.151
14.6,0.008,-0.012,-0.010,0.003,-0.044,1.771,-0.517,-7.264,210.033
14.8,-0.001,0.009,0.010,0.003,-0.047,1.791,-0.513,-7.356,213.598
15.0,0.000,-0.002,0.000,0.004,-0.041,1.791,-0.507,-7.450,217.538
15.2,0.009,-0.003,0.000,0.007,-0.044,1.789,-0.494,-7.545,221.479
15.4,-0.001,0.007,-0.010,0.006,-0.040,1.804,-0.482,-7.629,225.077
15.6,-0.009,-0.003,0.010,-0.001,-0.041,1.809,-0.474,-7.716,229.051
15.8,-0.008,-0.004,0.000,0.000,-0.035,1.824,-0.473,-7.787,232.686
16.0,0.011,-0.003,0.010,0.004,-0.041,1.836,-0.472,-7.872,236.712
16.2,0.000,0.007,0.010,0.007,-0.034,1.876,-0.459,-7.942,240.431
16.4,-0.001,0.006,0.000,0.015,-0.029,1.915,-0.431,-8.008,244.613
16.6,-0.002,-0.004,0.010,0.018,-0.027,1.927,-0.397,-8.069,248.838
16.8,-0.002,0.006,0.000,0.017,-0.025,1.933,-0.363,-8.124,252.702
17.0,0.009,-0.004,0.000,0.013,-0.024,1.945,-0.335,-8.176,256.973
17.2,-0.003,-0.003,0.010,0.019,-0.022,1.941,-0.298,-8.227,261.244
17.4,0.017,-0.005,0.000,0.013,-0.020,1.931,-0.273,-8.269,265.113
17.6,-0.003,-0.004,0.010,0.018,-0.025,1.949,-0.239,-8.323,269.379
17.8,-0.004,-0.004,0.010,0.015,-0.025,1.951,-0.202,-8.372,273.667
18.0,-0.002,0.008,0.010,0.011,-0.023,1.967,-0.175,-8.423,277.586
18.2,0.006,-0.003,0.010,0.016,-0.022,1.985,-0.144,-8.475,281.939
18.4,-0.002,0.008,-0.000,0.009,-0.017,1.987,-0.122,-8.516,286.309
18.6,0.008,0.001,-0.000,0.011,-0.018,1.985,-0.098,-8.554,290.680
18.8,-0.009,0.008,-0.010,0.009,-0.007,1.961,-0.080,-8.576,294.632
19.0,0.000,-0.002,-0.000,0.011,-0.003,1.969,-0.061,-8.586,298.944
19.2,-0.010,-0.003,-0.000,0.015,0.001,1.957,-0.034,-8.588,303.259
19.4,-0.002,-0.004,0.009,0.024,0.007,1.974,0.009,-8.577,307.578
19.6,-0.002,0.007,-0.000,0.017,0.003,1.967,0.050,-8.569,311.514
19.8,-0.008,-0.003,-0.000,0.010,-0.002,1.961,0.077,-8.572,315.840
20.0,0.011,-0.002,0.010,0.018,0.000,1.957,0.110,-8.575,320.145
20.2,-0.012,-0.002,0.020,0.019,0.002,1.953,0.150,-8.571,324.043
20.4,0.007,0.017,0.029,0.020,0.010,1.980,0.187,-8.564,327.981
20.6,0.007,0.014,0.039,0.016,0.018,2.043,0.225,-8.540,332.420
20.8,0.008,0.005,0.020,0.016,0.011,2.086,0.266,-8.516,336.976
21.0,0.009,-0.004,0.039,0.014,0.008,2.103,0.296,-8.498,341.162
21.2,0.010,-0.005,-0.000,0.017,0.010,2.136,0.329,-8.477,345.426
21.4,-0.006,-0.004,-0.030,0.015,0.008,2.091,0.367,-8.456,350.078
21.6,0.012,-0.003,0.010,0.018,0.006,2.042,0.400,-8.441,354.607
21.8,0.001,-0.003,-0.039,0.021,-0.001,2.032,0.445,-8.439,359.095
22.0,-0.008,-0.003,-0.059,0.029,0.003,1.947,0.496,-8.434,363.056
22.2,-0.000,0.005,0.010,0.033,0.007,1.959,0.564,-8.422,367.337
22.4,-0.001,-0.005,0.049,0.032,0.006,1.992,0.630,-8.407,371.295
22.6,-0.009,-0.004,0.020,0.033,0.007,2.051,0.705,-8.397,375.769
22.8,-0.001,-0.013,0.059,0.031,0.004,2.139,0.768,-8.384,379.948
23.0,0.001,-0.003,0.010,0.028,0.010,2.208,0.825,-8.368,384.739
23.2,0.009,-0.004,0.039,0.032,0.012,2.279,0.887,-8.339,389.670
23.4,-0.001,0.006,0.020,0.031,0.016,2.328,0.958,-8.309,394.742
23.6,0.007,-0.003,0.030,0.035,0.011,2.363,1.024,-8.280,399.427
23.8,-0.002,-0.003,0.000,0.031,0.007,2.409,1.096,-8.263,404.682
24.0,-0.000,0.006,-0.049,0.031,0.009,2.401,1.162,-8.247,409.997
24.2,-0.002,-0.015,-0.049,0.037,0.008,2.362,1.233,-8.225,414.764
24.4,-0.001,-0.005,-0.049,0.036,0.013,2.270,1.311,-8.198,419.836
24.6,0.000,-0.006,-0.039,0.035,0.014,2.162,1.390,-8.168,424.698
24.8,-0.011,-0.003,-0.029,0.035,0.004,2.054,1.465,-8.150,428.901
25.0,-0.002,-0.002,0.020,0.038,-0.001,2.036,1.548,-8.145,433.372
25.2,0.008,-0.002,0.000,0.030,0.005,2.068,1.615,-8.140,437.493
25.4,-0.002,0.017,0.000,0.026,0.011,2.099,1.676,-8.124,442.086
25.6,-0.001,0.006,0.049,0.024,0.017,2.159,1.727,-8.099,446.348
25.8,-0.002,0.006,0.000,0.026,0.023,2.214,1.781,-8.057,451.176
26.0,-0.004,0.008,-0.010,0.025,0.022,2.238,1.834,-8.006,456.078
26.2,-0.004,-0.003,0.010,0.022,0.026,2.234,1.880,-7.956,460.549
26.4,0.006,-0.003,0.029,0.018,0.024,2.239,1.921,-7.900,465.466
26.6,0.007,-0.004,0.010,0.015,0.028,2.267,1.957,-7.843,470.431
26.8,0.008,-0.004,0.029,0.011,0.028,2.257,1.983,-7.784,474.928
27.0,-0.002,0.004,0.039,0.012,0.032,2.294,2.009,-7.725,479.477
27.2,0.008,0.004,0.010,0.010,0.026,2.286,2.033,-7.663,484.512
27.4,-0.003,0.012,0.020,0.003,0.028,2.294,2.043,-7.607,489.540
27.6,-0.002,0.003,-0.010,-0.002,0.022,2.276,2.044,-7.557,494.113
27.8,-0.003,-0.006,-0.010,-0.000,0.025,2.266,2.042,-7.504,499.101
28.0,-0.013,-0.005,-0.030,-0.007,0.022,2.236,2.041,-7.451,504.061
28.2,-0.002,-0.005,-0.020,-0.012,0.015,2.203,2.025,-7.416,508.509
28.4,-0.002,-0.005,-0.010,-0.010,0.012,2.195,2.005,-7.381,513.346
28.6,0.007,-0.014,0.029,-0.006,0.012,2.224,1.986,-7.356,517.762
28.8,0.010,-0.002,-0.000,-0.006,0.011,2.222,1.971,-7.334,522.659
29.0,-0.002,0.005,-0.000,-0.001,0.022,2.237,1.970,-7.295,527.122
29.2,0.014,-0.005,-0.010,0.002,0.018,2.248,1.975,-7.248,532.066
29.4,0.004,-0.006,-0.010,0.001,0.017,2.239,1.975,-7.210,536.556
29.6,-0.007,0.003,0.000,0.002,0.017,2.235,1.979,-7.178,541.478
29.8,0.003,0.003,0.020,-0.002,0.017,2.256,1.976,-7.145,545.965
30.0,-0.005,-0.005,0.020,-0.014,0.018,2.294,1.958,-7.109,550.516
30.2,-0.003,0.004,0.020,-0.018,0.017,2.339,1.926,-7.073,555.613
30.4,0.007,0.012,0.010,-0.022,0.023,2.371,1.884,-7.032,560.326
30.6,-0.003,-0.006,-0.010,-0.022,0.013,2.387,1.834,-6.992,565.571
30.8,0.007,-0.005,-0.010,-0.025,0.006,2.373,1.781,-6.970,570.800
31.0,0.017,-0.004,-0.010,-0.027,-0.005,2.346,1.728,-6.970,575.518
31.2,-0.002,-0.005,-0.029,-0.024,-0.002,2.299,1.674,-6.974,580.628
31.4,-0.003,-0.013,-0.010,-0.020,-0.008,2.246,1.634,-6.983,585.167
31.6,0.004,-0.003,0.000,-0.012,-0.007,2.217,1.605,-6.998,590.064
31.8,-0.004,-0.003,-0.010,-0.020,-0.013,2.198,1.568,-7.018,594.920
32.0,0.006,0.005,0.000,-0.022,-0.009,2.190,1.522,-7.040,599.754
32.2,-0.003,0.006,-0.010,-0.029,-0.013,2.178,1.470,-7.066,604.123
32.4,-0.003,0.007,0.000,-0.033,-0.021,2.159,1.401,-7.109,608.891
32.6,-0.000,0.015,-0.010,-0.044,-0.013,2.153,1.318,-7.153,613.637
32.8,-0.011,-0.013,-0.039,-0.043,-0.016,2.158,1.232,-7.180,617.956
33.0,-0.005,-0.003,-0.000,-0.037,-0.016,2.165,1.150,-7.213,622.735
33.2,0.011,0.007,0.010,-0.037,-0.024,2.132,1.063,-7.258,627.458
33.4,-0.011,-0.001,0.000,-0.035,-0.023,2.147,0.995,-7.302,631.738
33.6,0.008,-0.001,0.020,-0.035,-0.017,2.173,0.914,-7.341,636.497
33.8,0.010,-0.001,0.010,-0.038,-0.017,2.212,0.839,-7.372,640.892
34.0,-0.008,-0.004,0.010,-0.039,-0.012,2.249,0.764,-7.404,645.811
34.2,-0.001,0.007,0.029,-0.029,-0.012,2.298,0.694,-7.433,650.822
34.4,0.009,-0.005,-0.020,-0.026,-0.012,2.298,0.640,-7.457,655.433
34.6,0.006,0.016,0.029,-0.022,-0.009,2.308,0.590,-7.478,660.037
34.8,0.006,-0.004,0.029,-0.019,-0.005,2.337,0.550,-7.495,664.684
35.0,0.006,-0.003,0.029,-0.023,-0.006,2.374,0.504,-7.507,669.866
35.2,-0.004,-0.014,0.000,-0.022,-0.005,2.402,0.457,-7.514,675.123
35.4,-0.006,0.007,0.000,-0.017,-0.006,2.405,0.419,-7.523,679.938
35.6,0.004,-0.004,-0.010,-0.022,-0.003,2.401,0.374,-7.530,685.233
35.8,-0.002,-0.014,-0.010,-0.027,-0.005,2.376,0.317,-7.539,690.489
36.0,-0.002,0.007,0.000,-0.026,-0.010,2.368,0.264,-7.557,695.235
36.2,-0.010,-0.003,-0.000,-0.029,-0.005,2.347,0.210,-7.572,700.415
36.4,-0.010,0.007,-0.030,-0.022,-0.005,2.333,0.159,-7.585,705.578
36.6,0.000,0.007,-0.020,-0.021,-0.001,2.297,0.118,-7.589,710.207
36.8,-0.017,-0.002,-0.030,-0.016,0.003,2.310,0.080,-7.587,715.294
37.0,0.010,-0.003,0.010,-0.008,0.007,2.300,0.052,-7.574,720.358
37.2,0.010,0.006,-0.000,-0.005,0.007,2.296,0.041,-7.560,724.958
37.4,0.010,-0.003,0.010,-0.002,0.007,2.303,0.032,-7.549,730.019
37.6,0.009,-0.013,0.009,0.005,0.006,2.313,0.035,-7.536,735.107
37.8,-0.002,0.006,0.009,0.008,0.010,2.322,0.049,-7.522,739.752
38.0,-0.001,-0.004,0.029,0.007,0.004,2.337,0.064,-7.512,744.411
38.2,0.008,0.003,-0.020,0.012,0.011,2.343,0.085,-7.493,749.570
38.4,-0.002,0.005,-0.029,0.011,0.009,2.333,0.111,-7.476,754.715
38.6,-0.010,-0.005,-0.010,0.008,0.008,2.290,0.134,-7.459,759.326
38.8,0.007,0.003,-0.010,0.008,0.007,2.244,0.151,-7.442,764.308
39.0,-0.001,0.004,-0.010,0.005,0.002,2.209,0.163,-7.437,768.759
39.2,0.018,-0.005,0.020,0.005,-0.002,2.234,0.171,-7.442,773.639
39.4,-0.012,0.003,0.010,0.006,-0.002,2.287,0.185,-7.448,778.166
39.6,-0.012,0.002,0.000,0.001,0.004,2.348,0.201,-7.447,783.276
39.8,-0.002,-0.006,0.010,-0.001,0.001,2.380,0.197,-7.439,788.010
40.0,0.008,-0.005,0.010,0.003,-0.002,2.435,0.198,-7.442,793.321
40.2,-0.001,-0.003,0.010,-0.000,-0.004,2.459,0.199,-7.449,798.705
40.4,-0.010,-0.004,0.010,0.001,0.003,2.471,0.200,-7.447,803.635
40.6,-0.001,-0.004,0.000,0.007,-0.001,2.477,0.206,-7.447,809.074
40.8,-0.002,-0.003,0.000,0.006,-0.005,2.481,0.221,-7.451,814.520
41.0,0.008,0.004,-0.020,0.008,-0.003,2.477,0.236,-7.459,819.486
41.2,-0.012,-0.003,-0.029,0.007,-0.014,2.450,0.250,-7.477,824.415
41.4,-0.001,-0.013,-0.020,0.002,-0.016,2.426,0.266,-7.507,829.787
41.6,0.008,0.007,-0.010,0.006,-0.012,2.406,0.272,-7.534,834.619
41.8,-0.003,0.006,-0.029,0.010,-0.014,2.361,0.293,-7.569,839.863
42.0,0.008,0.006,-0.010,0.012,-0.010,2.320,0.313,-7.594,844.540
42.2,-0.004,-0.002,-0.010,0.018,-0.016,2.301,0.345,-7.623,849.625
42.4,-0.004,0.006,-0.030,0.017,-0.008,2.247,0.385,-7.645,854.624
42.6,-0.003,0.004,-0.030,0.011,-0.004,2.202,0.412,-7.655,859.071
42.8,-0.003,-0.004,-0.020,0.009,-0.007,2.155,0.431,-7.661,863.855
43.0,0.007,-0.004,-0.010,0.011,-0.010,2.131,0.448,-7.677,868.139
43.2,-0.002,0.006,-0.010,0.013,-0.013,2.098,0.477,-7.702,872.787
43.4,0.007,-0.003,-0.010,0.011,-0.015,2.078,0.501,-7.728,876.959
43.6,-0.001,-0.003,-0.010,0.012,-0.011,2.048,0.528,-7.755,881.492
43.8,-0.003,-0.003,-0.019,0.015,-0.011,2.026,0.557,-7.779,885.560
44.0,-0.004,-0.003,0.000,0.019,-0.011,2.019,0.590,-7.800,889.603
44.2,-0.002,-0.002,0.000,0.011,-0.009,2.035,0.621,-7.823,894.063
44.4,0.007,0.006,0.010,0.014,-0.001,2.049,0.643,-7.834,898.144
44.6,0.007,0.005,0.020,0.010,-0.001,2.063,0.668,-7.834,902.667
44.8,0.006,-0.015,0.020,0.016,-0.005,2.092,0.697,-7.840,906.825
45.0,0.007,0.014,0.000,0.014,-0.004,2.096,0.727,-7.852,911.439
45.2,-0.004,-0.005,0.020,0.014,-0.009,2.108,0.763,-7.862,916.060
45.4,-0.003,-0.005,0.000,0.011,-0.017,2.114,0.789,-7.887,920.285
45.6,-0.002,0.006,0.010,0.013,-0.020,2.122,0.818,-7.935,924.949
45.8,0.008,0.006,0.010,0.017,-0.024,2.130,0.848,-7.983,929.198
46.0,-0.012,-0.002,0.000,0.017,-0.029,2.132,0.889,-8.041,933.884
46.2,0.008,0.008,0.020,0.016,-0.024,2.130,0.922,-8.092,938.146
46.4,0.007,0.017,-0.010,0.015,-0.016,2.124,0.956,-8.141,942.827
46.6,-0.001,0.007,0.000,0.012,-0.013,2.116,0.983,-8.174,947.493
46.8,-0.001,0.007,0.010,0.016,-0.011,2.134,1.013,-8.196,951.744
47.0,-0.003,0.006,0.010,0.027,-0.011,2.167,1.060,-8.221,956.473
47.2,-0.004,0.004,0.029,0.028,-0.007,2.198,1.117,-8.238,960.843
47.4,0.015,-0.005,0.029,0.028,-0.007,2.241,1.175,-8.255,965.725
47.6,-0.002,0.004,0.000,0.028,-0.004,2.267,1.233,-8.267,970.241
47.8,-0.001,0.006,0.010,0.023,-0.007,2.267,1.288,-8.279,975.227
48.0,-0.003,0.006,0.010,0.029,-0.002,2.278,1.342,-8.289,979.774
48.2,-0.004,-0.004,0.010,0.028,-0.003,2.278,1.405,-8.297,984.783
48.4,0.004,0.006,-0.000,0.036,-0.002,2.284,1.477,-8.304,989.804
48.6,0.004,0.006,0.000,0.034,-0.005,2.286,1.549,-8.313,994.371
48.8,0.003,0.006,0.020,0.031,0.000,2.299,1.612,-8.320,998.959
49.0,0.003,-0.005,0.020,0.023,0.003,2.307,1.670,-8.320,1004.027
49.2,0.005,-0.003,0.010,0.020,-0.002,2.331,1.711,-8.319,1008.668
49.4,0.005,-0.003,0.000,0.018,-0.006,2.341,1.751,-8.328,1013.817
49.6,-0.012,-0.002,0.000,0.013,-0.006,2.343,1.784,-8.339,1018.501
49.8,-0.003,-0.015,0.010,0.017,-0.004,2.343,1.817,-8.347,1023.657
50.0,-0.003,0.006,0.000,0.023,-0.009,2.343,1.857,-8.360,1028.343
50.2,-0.003,-0.003,-0.010,0.019,-0.014,2.331,1.903,-8.383,1033.482
50.4,-0.003,-0.003,-0.010,0.021,-0.012,2.311,1.948,-8.410,1038.585
50.6,0.006,0.007,0.010,0.027,-0.011,2.321,1.996,-8.436,1043.217
50.8,-0.004,-0.003,0.000,0.024,-0.012,2.327,2.053,-8.462,1048.334
51.0,0.006,-0.002,-0.010,0.025,-0.011,2.328,2.104,-8.482,1052.988
51.2,0.006,-0.004,-0.010,0.027,-0.006,2.321,2.157,-8.500,1058.104
51.4,0.007,0.004,0.010,0.023,-0.002,2.313,2.205,-8.507,1062.733
51.6,-0.002,-0.004,0.010,0.022,-0.005,2.326,2.248,-8.515,1067.839
51.8,-0.013,-0.023,0.020,0.024,-0.015,2.344,2.301,-8.536,1072.972
52.0,-0.012,0.008,0.000,0.011,-0.016,2.356,2.336,-8.567,1077.677
52.2,0.006,0.005,0.010,0.013,-0.014,2.379,2.361,-8.599,1082.882
52.4,-0.002,-0.006,0.020,0.011,-0.011,2.406,2.381,-8.622,1087.656
52.6,0.006,0.003,0.029,0.010,-0.009,2.479,2.404,-8.637,1092.558
52.8,0.004,-0.004,0.029,0.012,-0.012,2.567,2.422,-8.658,1098.106
53.0,0.005,0.004,0.029,0.002,-0.009,2.624,2.431,-8.686,1103.823
53.2,0.006,-0.014,0.049,-0.006,-0.017,2.694,2.423,-8.712,1109.144
53.4,-0.002,0.006,0.010,-0.008,-0.019,2.734,2.410,-8.749,1114.588
53.6,-0.013,-0.005,0.029,-0.007,-0.017,2.751,2.402,-8.791,1120.621
53.8,0.006,-0.015,0.020,-0.007,-0.025,2.780,2.389,-8.834,1126.158
54.0,0.006,-0.005,0.000,-0.004,-0.024,2.817,2.374,-8.885,1131.759
54.2,-0.004,-0.005,0.029,-0.009,-0.028,2.841,2.357,-8.942,1137.978
54.4,-0.006,-0.004,0.029,-0.011,-0.034,2.882,2.338,-9.011,1144.273
54.6,-0.004,-0.003,0.010,-0.018,-0.037,2.902,2.307,-9.080,1150.064
54.8,-0.002,0.005,0.010,-0.024,-0.035,2.898,2.261,-9.161,1156.433
55.0,-0.010,-0.003,0.010,-0.028,-0.033,2.902,2.212,-9.226,1162.243
55.2,0.008,0.007,0.000,-0.021,-0.033,2.918,2.161,-9.300,1168.657
55.4,0.008,0.009,-0.029,-0.018,-0.037,2.873,2.125,-9.376,1174.446
55.6,-0.011,-0.002,-0.029,-0.018,-0.039,2.840,2.084,-9.458,1180.733
55.8,-0.001,-0.001,-0.020,-0.009,-0.038,2.795,2.053,-9.542,1186.921
56.0,-0.002,0.007,-0.039,-0.006,-0.036,2.752,2.041,-9.615,1192.472
56.2,-0.002,-0.004,0.010,-0.003,-0.032,2.725,2.025,-9.690,1198.473
56.4,-0.004,-0.004,0.020,0.008,-0.035,2.758,2.031,-9.759,1203.951
56.6,0.006,-0.005,0.010,0.012,-0.031,2.803,2.056,-9.833,1210.073
56.8,-0.003,-0.006,0.010,0.010,-0.031,2.818,2.083,-9.902,1216.256
57.0,-0.004,0.004,-0.010,0.015,-0.035,2.863,2.109,-9.973,1221.941
57.2,0.007,-0.005,-0.030,0.016,-0.036,2.855,2.140,-10.043,1227.685
57.4,-0.003,0.004,-0.010,0.018,-0.035,2.810,2.183,-10.119,1233.907
57.6,-0.004,-0.006,0.010,0.021,-0.031,2.796,2.222,-10.180,1239.501
57.8,-0.003,-0.004,0.010,0.020,-0.031,2.798,2.272,-10.248,1245.656
58.0,-0.003,-0.003,-0.020,0.021,-0.029,2.782,2.314,-10.305,1251.239
58.2,0.008,-0.005,0.000,0.017,-0.025,2.812,2.355,-10.361,1257.388
58.4,0.009,-0.004,0.020,0.018,-0.029,2.847,2.388,-10.417,1263.049
58.6,-0.000,-0.004,0.020,0.022,-0.030,2.883,2.432,-10.480,1269.361
58.8,-0.010,-0.004,0.020,0.021,-0.028,2.910,2.477,-10.535,1275.158
59.0,-0.001,-0.004,0.000,0.022,-0.026,2.928,2.530,-10.596,1281.591
59.2,0.000,0.008,0.010,0.026,-0.025,2.944,2.577,-10.649,1287.469
59.4,-0.002,0.010,0.000,0.036,-0.027,2.936,2.647,-10.711,1293.941
59.6,-0.002,0.010,0.010,0.033,-0.024,2.923,2.723,-10.766,1300.385
59.8,-0.002,0.007,-0.029,0.039,-0.016,2.897,2.797,-10.804,1306.206
60.0,-0.003,0.006,0.010,0.041,-0.012,2.870,2.891,-10.842,1312.543
60.2,0.008,0.005,-0.010,0.046,-0.011,2.839,2.984,-10.870,1318.812
60.4,-0.000,-0.012,-0.029,0.046,-0.014,2.792,3.075,-10.895,1324.433
60.6,0.008,-0.002,-0.019,0.046,-0.022,2.763,3.181,-10.935,1330.540
60.8,0.008,-0.002,-0.010,0.048,-0.018,2.734,3.279,-10.971,1336.038
61.0,-0.002,0.007,0.010,0.045,-0.020,2.720,3.382,-11.012,1342.019
61.2,0.008,0.005,0.019,0.050,-0.013,2.751,3.479,-11.046,1347.496
61.4,-0.010,-0.005,-0.000,0.047,-0.016,2.784,3.589,-11.079,1353.601
61.6,-0.012,-0.015,0.010,0.053,-0.015,2.798,3.705,-11.108,1359.760
61.8,-0.012,0.004,-0.039,0.051,-0.007,2.825,3.811,-11.134,1365.396
62.0,-0.009,-0.013,0.029,0.045,-0.015,2.791,3.915,-11.155,1371.519
62.2,0.008,-0.004,0.010,0.049,-0.015,2.800,4.009,-11.186,1377.094
62.4,-0.003,0.005,-0.010,0.057,-0.016,2.845,4.124,-11.221,1383.308
62.6,-0.003,-0.004,0.019,0.056,-0.013,2.858,4.235,-11.247,1388.991
