time,acc_x,acc_y,acc_z,vel_x,vel_y,vel_z,pos_x,pos_y,pos_z
0.2,-0.025,0.003,0.074,0.000,0.000,0.000,0.000,0.000,0.000
0.4,-0.045,0.002,0.010,0.000,0.000,0.000,0.000,0.000,0.000
0.6,-0.010,0.002,-0.034,0.000,0.000,0.000,0.000,0.000,0.000
0.8,0.009,0.001,-0.018,0.000,0.000,0.000,0.000,0.000,0.000
1.0,-0.001,-0.008,-0.011,0.000,0.000,0.000,0.000,0.000,0.000
1.2,-0.001,0.003,-0.077,0.000,0.000,0.000,0.000,0.000,0.000
1.4,0.021,0.003,-0.047,0.000,0.000,0.000,0.000,0.000,0.000
1.6,0.010,0.004,-0.015,0.000,0.000,0.000,0.000,0.000,0.000
1.8,0.010,0.006,-0.021,0.000,0.000,0.000,0.000,0.000,0.000
2.0,0.019,-0.013,-0.034,0.000,0.000,0.000,0.000,0.000,0.000
2.2,-0.010,-0.011,0.003,0.000,0.000,0.000,0.000,0.000,0.000
2.4,-0.010,0.001,0.023,0.000,0.000,0.000,0.000,0.000,0.000
2.6,-0.010,0.001,-0.002,0.000,0.000,0.000,0.000,0.000,0.000
2.8,-0.000,-0.000,0.015,0.000,0.000,0.000,0.000,0.000,0.000
3.0,0.000,-0.012,-0.044,0.000,0.000,0.000,0.000,0.000,0.000
3.2,-0.019,-0.013,-0.013,0.000,0.000,0.000,0.000,0.000,0.000
3.4,-0.019,0.007,-0.027,0.000,0.000,0.000,0.000,0.000,0.000
3.6,-0.009,0.006,-0.049,0.000,0.000,0.000,0.000,0.000,0.000
3.8,-0.009,0.006,0.026,0.000,0.000,0.000,0.000,0.000,0.000
4.0,0.020,-0.004,-0.014,0.000,0.000,0.000,0.000,0.000,0.000
4.2,0.010,-0.004,0.019,0.008,-0.001,0.021,0.006,-0.002,0.019
4.4,0.020,0.006,0.038,0.031,-0.001,0.063,0.049,-0.005,0.117
4.6,0.020,0.006,0.067,0.061,0.002,0.108,0.149,-0.004,0.306
4.8,0.009,-0.002,-0.026,0.088,0.002,0.141,0.317,0.001,0.585
5.0,0.009,-0.003,0.022,0.110,0.007,0.191,0.533,0.011,0.944
5.2,0.019,-0.004,0.000,0.136,0.008,0.225,0.803,0.028,1.408
5.4,0.010,-0.003,0.047,0.162,0.009,0.247,1.161,0.050,1.974
5.6,0.019,-0.002,-0.007,0.192,0.008,0.262,1.549,0.067,2.534
5.8,-0.000,0.005,-0.037,0.211,0.010,0.265,2.039,0.088,3.172
6.0,-0.010,0.006,-0.042,0.209,0.009,0.268,2.503,0.109,3.760
6.2,-0.010,-0.001,0.023,0.198,0.008,0.268,2.951,0.129,4.347
6.4,-0.030,0.008,0.010,0.185,0.005,0.273,3.334,0.141,4.886
6.6,-0.049,-0.008,0.019,0.169,0.007,0.296,3.723,0.152,5.511
6.8,-0.030,-0.001,-0.026,0.133,0.014,0.321,4.059,0.175,6.189
7.0,-0.040,0.006,-0.006,0.084,0.023,0.339,4.299,0.216,6.918
7.2,-0.030,0.006,0.062,0.027,0.026,0.347,4.420,0.271,7.676
7.4,-0.030,-0.005,0.022,-0.032,0.025,0.357,4.415,0.327,8.450
7.6,0.010,-0.016,-0.046,-0.080,0.026,0.372,4.284,0.384,9.251
7.8,-0.000,0.004,-0.032,-0.094,0.026,0.378,4.088,0.441,10.079
8.0,-0.000,-0.007,0.040,-0.092,0.026,0.383,3.880,0.498,10.914
8.2,0.010,0.002,0.018,-0.086,0.025,0.395,3.685,0.553,11.767
8.4,0.010,0.001,0.033,-0.083,0.026,0.416,3.516,0.603,12.578
8.6,0.039,0.002,-0.007,-0.059,0.026,0.432,3.367,0.656,13.428
8.8,0.039,0.002,-0.005,0.003,0.024,0.458,3.295,0.715,14.488
9.0,0.030,-0.006,0.013,0.066,0.021,0.479,3.363,0.761,15.429
9.2,0.020,0.003,0.024,0.132,0.017,0.483,3.581,0.801,16.488
9.4,-0.010,0.003,0.022,0.189,0.018,0.496,3.938,0.839,17.563
9.6,-0.020,0.002,-0.055,0.195,0.018,0.518,4.329,0.875,18.574
9.8,-0.010,0.003,-0.019,0.177,0.018,0.539,4.705,0.912,19.631
10.0,-0.010,-0.007,-0.055,0.145,0.014,0.554,5.061,0.946,20.835
10.2,-0.020,0.005,0.031,0.109,0.011,0.571,5.315,0.969,21.955
10.4,-0.010,-0.004,-0.045,0.072,0.006,0.582,5.514,0.989,23.228
10.6,0.000,0.005,0.052,0.044,0.005,0.583,5.640,1.000,24.512
10.8,-0.010,-0.005,-0.031,0.025,0.006,0.582,5.710,1.010,25.678
11.0,-0.010,-0.015,0.020,0.004,0.009,0.575,5.740,1.028,26.952
11.2,-0.010,0.004,0.022,-0.018,0.008,0.568,5.725,1.047,28.211
11.4,0.010,0.005,-0.004,-0.027,0.007,0.562,5.675,1.063,29.339
11.6,0.010,-0.005,0.015,-0.010,0.007,0.559,5.632,1.080,30.573
11.8,0.020,0.005,-0.028,0.013,0.003,0.554,5.634,1.092,31.798
12.0,0.020,-0.005,-0.002,0.036,0.003,0.551,5.683,1.098,32.901
12.2,0.030,0.003,0.018,0.066,0.004,0.553,5.795,1.105,34.115
12.4,0.030,-0.007,0.026,0.113,0.005,0.560,5.969,1.115,35.228
12.6,0.039,0.003,0.026,0.182,0.004,0.565,6.291,1.124,36.464
12.8,0.030,0.003,0.020,0.246,0.004,0.579,6.718,1.131,37.606
13.0,0.020,0.002,-0.011,0.315,0.004,0.616,7.335,1.140,38.916
13.2,-0.030,0.000,0.022,0.369,0.006,0.664,8.023,1.150,40.195
13.4,-0.030,-0.019,0.047,0.367,0.006,0.728,8.844,1.165,41.724
13.6,-0.020,-0.000,0.076,0.338,0.005,0.798,9.549,1.175,43.250
13.8,-0.010,-0.000,0.021,0.302,0.003,0.862,10.253,1.184,45.079
14.0,-0.020,-0.001,-0.023,0.262,0.002,0.909,10.876,1.188,47.031
14.2,-0.000,0.002,0.007,0.228,0.000,0.930,11.362,1.190,48.874
14.4,-0.000,0.000,-0.041,0.199,0.000,0.931,11.831,1.190,50.925
14.6,-0.010,-0.010,-0.020,0.174,-0.002,0.903,12.241,1.189,52.948
14.8,-0.020,0.001,0.009,0.155,-0.007,0.852,12.603,1.180,54.881
15.0,0.000,-0.007,-0.023,0.131,-0.013,0.791,12.918,1.158,56.691
15.2,0.030,0.005,0.053,0.128,-0.021,0.731,13.174,1.124,58.214
15.4,0.020,-0.002,-0.046,0.142,-0.028,0.662,13.471,1.072,59.747
15.6,0.019,0.009,0.057,0.159,-0.034,0.609,13.771,1.010,61.013
15.8,0.019,0.006,0.009,0.175,-0.032,0.568,14.138,0.936,62.304
16.0,0.030,0.005,-0.024,0.195,-0.027,0.534,14.545,0.871,63.517
16.2,0.010,-0.004,-0.019,0.214,-0.026,0.509,14.954,0.818,64.557
16.4,0.020,-0.015,-0.036,0.237,-0.025,0.490,15.451,0.761,65.657
16.6,0.010,0.021,0.056,0.265,-0.025,0.477,16.004,0.705,66.715
16.8,0.010,0.001,-0.001,0.287,-0.021,0.477,16.557,0.659,67.670
17.0,0.010,-0.009,-0.011,0.306,-0.020,0.472,17.211,0.614,68.711
17.2,0.010,-0.006,0.009,0.316,-0.023,0.456,17.897,0.567,69.734
17.4,-0.000,0.004,0.027,0.320,-0.023,0.456,18.534,0.520,70.644
17.6,0.010,0.002,0.061,0.326,-0.021,0.456,19.243,0.472,71.646
17.8,-0.020,-0.003,-0.010,0.333,-0.024,0.462,19.968,0.425,72.656
18.0,-0.020,0.004,0.051,0.315,-0.028,0.476,20.622,0.370,73.591
18.2,-0.029,0.012,0.031,0.269,-0.026,0.503,21.208,0.316,74.567
18.4,-0.029,0.004,0.022,0.208,-0.023,0.534,21.735,0.263,75.710
18.6,-0.029,0.002,0.007,0.146,-0.026,0.554,22.123,0.209,76.912
18.8,0.009,0.003,0.023,0.086,-0.028,0.559,22.375,0.151,78.135
19.0,0.009,0.006,-0.002,0.069,-0.035,0.561,22.523,0.090,79.259
19.2,0.009,0.004,-0.053,0.080,-0.037,0.555,22.686,0.010,80.487
19.4,0.029,0.004,0.013,0.097,-0.036,0.544,22.879,-0.070,81.696
19.6,0.019,0.004,0.034,0.120,-0.036,0.532,23.115,-0.149,82.878
19.8,0.000,0.003,0.017,0.142,-0.032,0.530,23.378,-0.217,83.940
20.0,0.010,0.004,0.047,0.155,-0.027,0.527,23.706,-0.282,85.101
20.2,0.000,-0.006,-0.056,0.168,-0.025,0.522,24.062,-0.339,86.257
20.4,0.010,0.003,0.070,0.175,-0.026,0.511,24.405,-0.391,87.287
20.6,0.010,-0.008,-0.014,0.179,-0.027,0.500,24.796,-0.449,88.401
20.8,0.010,0.003,0.042,0.184,-0.033,0.491,25.193,-0.515,89.487
21.0,0.019,0.002,-0.043,0.197,-0.033,0.492,25.572,-0.581,90.468
21.2,0.010,0.001,0.039,0.219,-0.033,0.504,25.986,-0.647,91.461
21.4,0.030,0.001,-0.039,0.248,-0.034,0.530,26.499,-0.721,92.596
21.6,0.010,-0.008,0.007,0.275,-0.035,0.557,27.076,-0.798,93.795
21.8,0.010,0.001,-0.050,0.301,-0.039,0.561,27.651,-0.872,94.916
22.0,0.019,0.001,-0.012,0.327,-0.040,0.546,28.345,-0.960,96.134
22.2,-0.000,0.001,0.009,0.352,-0.042,0.532,29.022,-1.042,97.211
22.4,0.009,0.002,-0.054,0.377,-0.044,0.510,29.824,-1.137,98.358
22.6,-0.020,0.003,0.030,0.397,-0.047,0.497,30.679,-1.236,99.460
22.8,-0.001,0.003,-0.003,0.396,-0.049,0.505,31.473,-1.331,100.459
23.0,-0.010,0.002,0.028,0.383,-0.051,0.527,32.333,-1.441,101.591
23.2,-0.030,0.002,0.012,0.367,-0.052,0.546,33.082,-1.542,102.666
23.4,-0.010,0.001,0.004,0.344,-0.056,0.554,33.864,-1.661,103.882
23.6,0.010,0.003,-0.059,0.337,-0.062,0.538,34.540,-1.778,104.976
23.8,0.000,0.003,0.021,0.351,-0.068,0.507,35.296,-1.921,106.129
24.0,0.039,-0.015,-0.066,0.374,-0.072,0.474,36.091,-2.075,107.207
24.2,0.010,0.004,-0.053,0.404,-0.072,0.446,36.947,-2.235,108.217
24.4,0.030,0.004,0.044,0.431,-0.074,0.429,37.781,-2.381,109.091
24.6,0.020,0.006,-0.045,0.465,-0.077,0.419,38.767,-2.547,110.021
24.8,0.000,0.005,-0.023,0.494,-0.076,0.408,39.822,-2.716,110.930
25.0,0.020,0.004,-0.007,0.520,-0.078,0.397,40.838,-2.870,111.734
25.2,0.010,0.004,0.014,0.550,-0.076,0.385,42.015,-3.039,112.595
25.4,-0.020,0.003,0.047,0.575,-0.072,0.376,43.257,-3.201,113.432
25.6,-0.020,0.002,0.002,0.564,-0.070,0.371,44.516,-3.358,114.254
25.8,-0.011,-0.006,0.002,0.544,-0.069,0.370,45.624,-3.496,114.993
26.0,-0.020,0.003,0.003,0.511,-0.072,0.364,46.786,-3.651,115.800
26.2,-0.011,-0.007,-0.029,0.475,-0.074,0.368,47.870,-3.811,116.605
26.4,0.010,0.004,0.012,0.452,-0.077,0.363,48.884,-3.977,117.412
26.6,0.010,0.005,-0.028,0.450,-0.078,0.360,49.784,-4.133,118.132
26.8,0.000,0.004,0.023,0.457,-0.076,0.365,50.780,-4.304,118.928
27.0,0.000,-0.007,-0.002,0.467,-0.074,0.360,51.702,-4.454,119.656
27.2,0.010,-0.012,0.028,0.482,-0.078,0.351,52.745,-4.620,120.439
27.4,-0.010,0.007,-0.017,0.489,-0.079,0.350,53.717,-4.779,121.137
27.6,0.000,0.006,0.039,0.481,-0.081,0.360,54.690,-4.939,121.846
27.8,0.000,-0.006,-0.046,0.471,-0.078,0.378,55.737,-5.114,122.658
28.0,-0.010,0.014,-0.001,0.461,-0.079,0.397,56.762,-5.288,123.515
28.2,0.010,-0.007,-0.025,0.456,-0.079,0.406,57.678,-5.445,124.318
28.4,0.000,0.003,0.014,0.455,-0.081,0.409,58.679,-5.620,125.217
28.6,-0.000,0.004,0.006,0.464,-0.083,0.409,59.688,-5.801,126.119
28.8,-0.010,0.004,-0.016,0.476,-0.083,0.404,60.628,-5.968,126.934
29.0,-0.000,0.005,0.003,0.488,-0.082,0.397,61.688,-6.149,127.815
29.2,0.000,-0.006,-0.035,0.495,-0.084,0.389,62.772,-6.331,128.680
29.4,-0.020,-0.006,-0.061,0.480,-0.087,0.377,63.847,-6.520,129.524
29.6,-0.010,0.003,0.002,0.459,-0.087,0.368,64.786,-6.695,130.268
29.8,-0.039,0.012,0.002,0.434,-0.086,0.359,65.768,-6.884,131.069
30.0,-0.020,0.004,0.030,0.401,-0.087,0.345,66.688,-7.074,131.841
30.2,-0.020,-0.007,-0.044,0.372,-0.087,0.339,67.462,-7.248,132.524
30.4,-0.010,0.003,-0.003,0.341,-0.087,0.336,68.245,-7.440,133.266
30.6,-0.020,0.003,0.007,0.308,-0.088,0.333,68.959,-7.633,134.001
30.8,-0.030,0.004,-0.035,0.276,-0.093,0.331,69.600,-7.829,134.735
31.0,-0.009,-0.005,0.020,0.245,-0.095,0.326,70.120,-8.018,135.392
31.2,-0.019,0.004,0.026,0.219,-0.096,0.323,70.583,-8.209,136.039
31.4,-0.019,0.005,0.046,0.187,-0.098,0.336,71.030,-8.422,136.761
31.6,-0.009,0.006,0.048,0.161,-0.102,0.357,71.378,-8.622,137.453
31.8,0.020,-0.004,0.061,0.132,-0.101,0.382,71.701,-8.846,138.268
32.0,0.010,-0.016,0.002,0.106,-0.099,0.405,71.960,-9.067,139.133
32.2,0.000,0.004,0.035,0.103,-0.101,0.424,72.167,-9.268,139.963
32.4,0.010,-0.015,-0.018,0.110,-0.101,0.449,72.402,-9.489,140.923
32.6,0.000,0.003,0.026,0.119,-0.101,0.465,72.630,-9.692,141.840
32.8,0.020,-0.006,0.002,0.134,-0.102,0.467,72.908,-9.915,142.868
33.0,-0.010,0.002,-0.018,0.144,-0.100,0.463,73.218,-10.137,143.892
33.2,-0.000,0.001,0.002,0.140,-0.095,0.453,73.504,-10.332,144.808
33.4,-0.020,0.002,-0.023,0.130,-0.096,0.440,73.802,-10.541,145.791
33.6,-0.000,0.003,0.010,0.116,-0.097,0.425,74.072,-10.753,146.743
33.8,-0.020,0.002,-0.016,0.108,-0.098,0.414,74.296,-10.948,147.582
34.0,-0.009,0.001,-0.015,0.095,-0.099,0.406,74.519,-11.164,148.482
34.2,0.000,-0.006,-0.001,0.082,-0.104,0.391,74.713,-11.387,149.362
34.4,0.000,-0.014,0.003,0.075,-0.107,0.373,74.869,-11.599,150.124
34.6,0.010,0.005,0.034,0.076,-0.108,0.357,75.033,-11.836,150.927
34.8,0.010,0.005,-0.040,0.079,-0.107,0.342,75.188,-12.052,151.627
35.0,0.000,-0.006,0.010,0.090,-0.105,0.329,75.371,-12.284,152.363
35.2,0.010,-0.005,0.002,0.107,-0.105,0.320,75.587,-12.515,153.075
35.4,-0.009,0.005,0.014,0.124,-0.106,0.325,75.819,-12.727,153.718
35.6,0.000,-0.005,-0.028,0.135,-0.103,0.335,76.106,-12.958,154.446
35.8,0.000,0.004,-0.019,0.150,-0.099,0.344,76.417,-13.181,155.194
36.0,0.010,0.003,0.019,0.178,-0.097,0.340,76.777,-13.396,155.949
36.2,0.030,0.003,-0.024,0.205,-0.098,0.332,77.159,-13.590,156.624
36.4,0.010,-0.004,0.026,0.241,-0.102,0.312,77.650,-13.809,157.333
36.6,0.020,0.007,-0.060,0.272,-0.108,0.307,78.163,-14.020,157.946
36.8,0.010,-0.003,0.021,0.294,-0.110,0.318,78.792,-14.261,158.630
37.0,-0.010,0.005,-0.022,0.294,-0.108,0.331,79.382,-14.480,159.279
37.2,0.000,0.006,0.029,0.282,-0.105,0.349,80.016,-14.713,160.027
37.4,0.000,-0.004,0.033,0.274,-0.106,0.367,80.627,-14.945,160.813
37.6,-0.010,0.014,0.035,0.267,-0.104,0.388,81.169,-15.155,161.567
37.8,-0.000,0.004,-0.006,0.257,-0.100,0.393,81.693,-15.359,162.350
38.0,-0.020,0.007,-0.013,0.248,-0.100,0.396,82.249,-15.578,163.217
38.2,-0.000,0.006,-0.041,0.237,-0.101,0.407,82.734,-15.780,164.017
38.4,-0.030,0.004,-0.010,0.226,-0.096,0.423,83.244,-15.997,164.931
