time,acc_x,acc_y,acc_z,vel_x,vel_y,vel_z,pos_x,pos_y,pos_z
0.2,-0.010,-0.002,-0.029,0.000,0.000,0.000,0.000,0.000,0.000
0.4,-0.009,-0.012,-0.004,0.000,0.000,0.000,0.000,0.000,0.000
0.6,0.001,-0.012,-0.002,0.000,0.000,0.000,0.000,0.000,0.000
0.8,0.001,-0.020,-0.031,0.000,0.000,0.000,0.000,0.000,0.000
1.0,-0.006,-0.020,-0.048,0.000,0.000,0.000,0.000,0.000,0.000
1.2,0.003,-0.009,-0.046,0.000,0.000,0.000,0.000,0.000,0.000
1.4,-0.004,0.010,-0.046,0.000,0.000,0.000,0.000,0.000,0.000
1.6,0.031,-0.000,-0.044,0.000,0.000,0.000,0.000,0.000,0.000
1.8,0.020,0.029,-0.055,0.000,0.000,0.000,0.000,0.000,0.000
2.0,0.008,0.020,-0.033,0.000,0.000,0.000,0.000,0.000,0.000
2.2,0.010,0.000,-0.026,0.000,0.000,0.000,0.000,0.000,0.000
2.4,-0.007,0.020,-0.014,0.000,0.000,0.000,0.000,0.000,0.000
2.6,-0.005,0.029,-0.008,0.000,0.000,0.000,0.000,0.000,0.000
2.8,-0.005,0.010,-0.004,0.000,0.000,0.000,0.000,0.000,0.000
3.0,0.013,0.020,-0.002,0.000,0.000,0.000,0.000,0.000,0.000
3.2,0.012,0.020,0.005,0.000,0.000,0.000,0.000,0.000,0.000
3.4,-0.010,-0.020,0.021,0.000,0.000,0.000,0.000,0.000,0.000
3.6,-0.008,-0.029,-0.002,0.000,0.000,0.000,0.000,0.000,0.000
3.8,-0.007,-0.020,-0.013,0.000,0.000,0.000,0.000,0.000,0.000
4.0,-0.016,-0.010,0.005,0.000,0.000,0.000,0.000,0.000,0.000
4.2,0.002,-0.020,-0.005,0.002,-0.022,0.003,0.003,-0.024,0.005
4.4,-0.007,0.010,0.006,0.003,-0.039,-0.000,0.010,-0.095,0.008
4.6,0.014,-0.010,-0.005,-0.001,-0.045,-0.002,0.013,-0.190,0.004
4.8,-0.014,0.010,-0.006,-0.002,-0.035,0.000,0.007,-0.280,-0.000
5.0,-0.007,0.010,0.001,0.009,-0.019,0.006,0.012,-0.342,0.008
5.2,-0.008,0.010,0.002,0.017,-0.003,0.005,0.046,-0.371,0.021
5.4,0.012,0.010,0.002,0.021,0.023,0.005,0.087,-0.345,0.033
5.6,0.011,0.010,0.010,0.028,0.047,0.005,0.140,-0.268,0.042
5.8,-0.008,0.000,0.014,0.032,0.082,0.004,0.208,-0.123,0.053
6.0,0.001,0.020,0.003,0.037,0.109,0.008,0.290,0.110,0.067
6.2,0.012,0.020,0.009,0.036,0.144,0.015,0.371,0.390,0.092
6.4,0.013,0.010,-0.004,0.035,0.176,0.025,0.450,0.747,0.138
6.6,0.012,0.010,0.010,0.035,0.206,0.034,0.528,1.169,0.204
6.8,-0.010,0.010,-0.000,0.040,0.228,0.038,0.612,1.651,0.285
7.0,0.018,0.000,0.007,0.045,0.246,0.043,0.707,2.176,0.372
7.2,0.010,0.000,0.007,0.047,0.247,0.050,0.819,2.774,0.486
7.4,-0.006,-0.020,0.028,0.043,0.231,0.048,0.919,3.299,0.595
7.6,0.012,-0.020,0.015,0.044,0.217,0.056,1.006,3.746,0.699
7.8,0.012,0.000,0.010,0.048,0.204,0.074,1.107,4.205,0.843
8.0,-0.007,0.000,-0.004,0.052,0.199,0.094,1.217,4.649,1.031
8.2,0.012,-0.010,-0.004,0.055,0.187,0.103,1.324,5.035,1.231
8.4,-0.009,0.010,-0.003,0.060,0.171,0.104,1.451,5.428,1.460
8.6,0.009,0.029,0.007,0.066,0.162,0.103,1.589,5.791,1.687
8.8,-0.003,0.020,-0.012,0.078,0.170,0.106,1.750,6.154,1.917
9.0,0.007,0.029,-0.010,0.078,0.178,0.103,1.906,6.506,2.127
9.2,0.011,0.010,-0.010,0.075,0.185,0.103,2.075,6.905,2.352
9.4,-0.008,0.020,-0.001,0.074,0.196,0.105,2.240,7.323,2.580
9.6,-0.017,0.010,0.006,0.070,0.220,0.109,2.398,7.781,2.815
9.8,0.002,0.000,-0.001,0.068,0.237,0.107,2.549,8.288,3.053
10.0,0.011,0.010,0.001,0.073,0.247,0.104,2.703,8.821,3.285
10.2,0.013,0.010,-0.000,0.075,0.260,0.101,2.852,9.330,3.488
10.4,-0.017,0.010,-0.010,0.078,0.280,0.100,3.021,9.925,3.709
10.6,0.001,-0.010,0.009,0.081,0.298,0.097,3.180,10.506,3.906
10.8,0.019,-0.010,0.001,0.090,0.296,0.093,3.368,11.163,4.115
11.0,0.002,0.000,-0.007,0.097,0.293,0.087,3.574,11.810,4.312
11.2,0.011,-0.020,0.005,0.102,0.286,0.082,3.776,12.389,4.481
11.4,0.002,-0.020,0.007,0.103,0.278,0.075,4.002,13.006,4.654
11.6,0.012,0.000,0.007,0.106,0.267,0.077,4.232,13.607,4.821
11.8,-0.017,0.010,-0.003,0.114,0.257,0.081,4.453,14.127,4.979
12.0,0.000,-0.010,0.003,0.121,0.256,0.093,4.712,14.691,5.171
12.2,-0.009,0.010,0.008,0.124,0.254,0.108,4.959,15.200,5.374
12.4,-0.016,-0.010,0.004,0.122,0.258,0.126,5.230,15.763,5.633
12.6,-0.020,0.010,0.001,0.120,0.256,0.141,5.494,16.327,5.927
12.8,-0.000,0.000,0.009,0.117,0.271,0.155,5.754,16.907,6.254
13.0,-0.010,0.000,-0.018,0.112,0.286,0.158,6.006,17.521,6.601
13.2,0.001,0.000,0.004,0.110,0.299,0.155,6.226,18.108,6.916
13.4,-0.008,0.029,0.003,0.113,0.310,0.147,6.472,18.779,7.248
13.6,-0.005,0.020,-0.003,0.111,0.348,0.136,6.718,19.500,7.559
13.8,-0.007,0.029,-0.010,0.111,0.400,0.127,6.960,20.328,7.848
14.0,-0.018,0.029,0.000,0.110,0.456,0.117,7.204,21.277,8.115
14.2,-0.008,0.010,-0.018,0.107,0.501,0.113,7.420,22.240,8.345
14.4,-0.007,-0.020,-0.000,0.106,0.530,0.110,7.654,23.389,8.591
14.6,0.000,-0.029,0.012,0.109,0.505,0.104,7.890,24.530,8.824
14.8,0.009,-0.020,0.011,0.110,0.467,0.100,8.132,25.597,9.047
15.0,-0.004,-0.039,-0.007,0.115,0.423,0.096,8.357,26.486,9.243
15.2,0.025,-0.039,0.014,0.116,0.368,0.090,8.614,27.348,9.445
15.4,-0.003,-0.029,-0.003,0.111,0.336,0.088,8.865,28.114,9.641
15.6,-0.000,0.000,0.013,0.108,0.314,0.086,9.085,28.761,9.813
15.8,-0.012,-0.029,-0.006,0.107,0.298,0.086,9.322,29.432,10.002
16.0,0.009,0.000,0.013,0.103,0.276,0.083,9.553,30.061,10.187
16.2,-0.010,0.010,0.012,0.102,0.268,0.087,9.757,30.601,10.357
16.4,-0.002,0.010,0.001,0.106,0.272,0.092,9.986,31.195,10.556
16.6,-0.019,0.010,0.003,0.109,0.277,0.092,10.201,31.744,10.739
16.8,0.010,0.000,0.010,0.109,0.282,0.097,10.441,32.362,10.946
17.0,-0.000,0.010,0.014,0.111,0.297,0.111,10.662,32.940,11.154
17.2,0.010,0.000,0.014,0.110,0.314,0.129,10.904,33.616,11.423
17.4,0.001,0.000,0.021,0.110,0.311,0.142,11.146,34.305,11.723
17.6,-0.008,0.000,0.002,0.109,0.302,0.149,11.387,34.980,12.045
17.8,0.002,0.000,0.000,0.109,0.297,0.153,11.626,35.638,12.379
18.0,-0.001,-0.029,0.003,0.116,0.293,0.153,11.853,36.230,12.686
18.2,-0.011,0.020,-0.006,0.120,0.292,0.148,12.113,36.869,13.018
18.4,0.009,0.000,-0.003,0.119,0.310,0.142,12.374,37.533,13.338
18.6,-0.001,0.029,0.017,0.117,0.332,0.134,12.634,38.236,13.639
18.8,-0.009,0.010,-0.002,0.116,0.367,0.133,12.867,38.939,13.907
19.0,-0.010,0.029,0.007,0.112,0.400,0.131,13.117,39.786,14.197
19.2,-0.008,0.020,-0.011,0.111,0.442,0.130,13.362,40.718,14.485
19.4,-0.010,0.000,-0.010,0.112,0.472,0.126,13.607,41.729,14.767
19.6,0.010,0.000,-0.007,0.110,0.502,0.118,13.850,42.803,15.036
19.8,-0.001,0.029,0.001,0.111,0.534,0.116,14.070,43.840,15.268
20.0,0.007,0.000,-0.008,0.113,0.564,0.122,14.316,45.058,15.529
20.2,-0.010,-0.010,0.009,0.114,0.563,0.130,14.545,46.188,15.782
20.4,-0.000,-0.019,0.009,0.113,0.555,0.138,14.793,47.420,16.079
20.6,-0.011,0.000,0.007,0.111,0.540,0.141,15.039,48.623,16.386
20.8,0.007,0.000,-0.000,0.112,0.534,0.141,15.261,49.695,16.668
21.0,-0.008,-0.020,0.009,0.109,0.540,0.143,15.505,50.874,16.980
21.2,-0.001,0.000,-0.009,0.109,0.551,0.146,15.743,52.075,17.299
21.4,-0.001,-0.010,0.001,0.111,0.553,0.148,15.964,53.180,17.593
21.6,-0.010,0.010,0.005,0.113,0.561,0.160,16.211,54.405,17.931
21.8,-0.009,0.010,0.002,0.116,0.566,0.173,16.441,55.530,18.266
22.0,-0.001,0.010,0.026,0.116,0.589,0.189,16.695,56.799,18.666
22.2,0.018,0.049,-0.033,0.114,0.625,0.196,16.949,58.139,19.091
22.4,-0.013,0.069,-0.031,0.113,0.656,0.192,17.176,59.422,19.480
22.6,-0.001,0.020,0.011,0.109,0.682,0.185,17.421,60.902,19.895
22.8,0.000,-0.039,0.032,0.105,0.711,0.182,17.656,62.437,20.296
23.0,0.009,0.078,-0.049,0.103,0.744,0.177,17.864,63.893,20.657
23.2,0.001,0.049,-0.024,0.098,0.786,0.170,18.086,65.581,21.036
23.4,-0.020,-0.029,0.020,0.089,0.818,0.161,18.290,67.351,21.399
23.6,0.008,0.010,0.004,0.088,0.849,0.147,18.484,69.186,21.736
23.8,-0.003,-0.039,0.004,0.089,0.871,0.140,18.678,71.086,22.048
24.0,0.007,-0.029,-0.017,0.090,0.856,0.133,18.857,72.816,22.322
24.2,-0.019,-0.049,-0.008,0.088,0.815,0.123,19.053,74.651,22.603
24.4,0.000,-0.039,-0.018,0.085,0.765,0.113,19.245,76.386,22.863
24.6,0.011,-0.029,0.013,0.084,0.714,0.097,19.413,77.860,23.071
24.8,0.010,-0.010,0.001,0.085,0.666,0.089,19.581,79.235,23.255
25.0,0.016,-0.000,0.017,0.089,0.625,0.086,19.773,80.647,23.447
25.2,-0.001,-0.010,0.006,0.091,0.599,0.090,19.971,81.990,23.640
25.4,0.010,-0.020,0.005,0.088,0.575,0.095,20.151,83.161,23.827
25.6,0.002,-0.030,0.005,0.081,0.543,0.096,20.338,84.389,24.038
25.8,-0.007,0.000,0.016,0.083,0.517,0.097,20.518,85.551,24.250
26.0,0.001,-0.020,0.003,0.088,0.509,0.104,20.688,86.576,24.452
26.2,0.001,0.020,0.001,0.092,0.504,0.109,20.888,87.686,24.686
26.4,0.019,-0.010,0.010,0.094,0.514,0.117,21.072,88.706,24.915
26.6,-0.015,-0.010,0.000,0.105,0.513,0.122,21.293,89.837,25.176
26.8,0.006,0.000,-0.018,0.114,0.505,0.125,21.535,90.957,25.449
27.0,-0.005,0.020,-0.006,0.119,0.491,0.119,21.769,91.952,25.693
27.2,-0.005,0.000,-0.023,0.117,0.475,0.111,22.029,93.014,25.946
27.4,-0.012,0.010,-0.000,0.110,0.459,0.101,22.280,94.039,26.178
27.6,0.007,0.029,0.002,0.103,0.451,0.091,22.493,94.949,26.369
27.8,0.005,0.000,-0.014,0.100,0.447,0.079,22.715,95.938,26.553
28.0,-0.024,0.020,-0.002,0.094,0.439,0.071,22.930,96.912,26.717
28.2,0.013,0.010,-0.002,0.089,0.443,0.069,23.113,97.792,26.858
28.4,-0.012,0.000,-0.004,0.081,0.461,0.069,23.299,98.788,27.010
28.6,-0.002,-0.029,-0.002,0.073,0.456,0.070,23.466,99.804,27.163
28.8,-0.010,-0.020,-0.002,0.066,0.418,0.071,23.604,100.679,27.304
29.0,-0.009,-0.020,-0.011,0.064,0.362,0.067,23.746,101.532,27.456
29.2,0.005,-0.029,-0.002,0.058,0.308,0.065,23.867,102.196,27.587
29.4,-0.007,0.010,-0.010,0.061,0.263,0.064,23.998,102.815,27.727
29.6,0.013,0.000,-0.019,0.062,0.244,0.063,24.135,103.367,27.868
29.8,0.012,0.010,-0.000,0.063,0.235,0.057,24.272,103.889,27.998
30.0,-0.006,-0.010,-0.007,0.067,0.231,0.052,24.403,104.359,28.107
30.2,-0.006,-0.020,0.001,0.070,0.220,0.051,24.540,104.808,28.209
30.4,0.001,0.010,0.007,0.075,0.210,0.060,24.700,105.278,28.330
30.6,-0.002,0.000,0.008,0.085,0.221,0.077,24.876,105.750,28.482
30.8,0.006,-0.010,-0.003,0.092,0.240,0.090,25.055,106.213,28.652
31.0,0.007,0.000,0.011,0.094,0.254,0.101,25.242,106.708,28.843
31.2,0.007,0.010,-0.001,0.093,0.268,0.111,25.448,107.283,29.078
31.4,-0.001,-0.010,-0.001,0.087,0.276,0.112,25.645,107.885,29.324
31.6,0.001,0.000,-0.009,0.079,0.274,0.111,25.826,108.491,29.571
31.8,0.011,-0.010,-0.008,0.079,0.277,0.105,25.983,109.043,29.787
32.0,-0.002,0.000,0.017,0.086,0.268,0.089,26.164,109.644,30.001
32.2,-0.001,0.010,-0.007,0.089,0.259,0.077,26.341,110.171,30.166
32.4,-0.001,0.000,-0.013,0.092,0.259,0.065,26.541,110.739,30.323
32.6,-0.008,0.000,-0.003,0.091,0.270,0.054,26.742,111.321,30.451
32.8,-0.008,0.010,-0.008,0.089,0.282,0.042,26.922,111.875,30.546
33.0,-0.000,0.000,0.018,0.089,0.301,0.033,27.118,112.517,30.626
33.2,0.009,0.020,-0.006,0.091,0.315,0.025,27.316,113.198,30.689
33.4,-0.000,0.010,-0.022,0.095,0.315,0.021,27.503,113.831,30.735
33.6,0.009,0.000,0.009,0.098,0.303,0.018,27.718,114.508,30.777
33.8,-0.010,-0.010,0.001,0.099,0.295,0.017,27.934,115.166,30.816
34.0,0.009,0.010,-0.001,0.098,0.293,0.021,28.131,115.752,30.853
34.2,0.009,-0.029,0.006,0.095,0.294,0.032,28.343,116.398,30.911
34.4,0.010,-0.020,0.019,0.093,0.284,0.034,28.531,116.978,30.978
34.6,0.003,-0.010,0.008,0.092,0.269,0.039,28.734,117.586,31.057
34.8,-0.016,-0.020,0.008,0.092,0.251,0.045,28.937,118.155,31.150
35.0,0.003,0.000,-0.003,0.093,0.239,0.050,29.140,118.694,31.256
35.2,0.011,0.000,-0.003,0.093,0.239,0.052,29.345,119.214,31.369
35.4,-0.001,-0.010,-0.005,0.093,0.246,0.053,29.531,119.700,31.474
35.6,-0.009,-0.010,0.016,0.090,0.253,0.053,29.715,120.200,31.581
35.8,-0.007,0.010,-0.007,0.090,0.259,0.062,29.911,120.764,31.706
36.0,0.019,-0.010,0.007,0.096,0.269,0.076,30.114,121.344,31.858
36.2,-0.000,-0.010,-0.004,0.101,0.273,0.088,30.312,121.889,32.024
36.4,0.001,0.000,-0.002,0.100,0.268,0.090,30.534,122.483,32.221
36.6,-0.009,-0.010,0.001,0.093,0.259,0.086,30.746,123.064,32.415
36.8,-0.007,0.000,-0.008,0.084,0.249,0.084,30.939,123.621,32.602
37.0,0.013,-0.010,0.001,0.078,0.246,0.086,31.117,124.165,32.789
37.2,-0.007,0.000,-0.007,0.075,0.245,0.085,31.271,124.655,32.960
37.4,0.005,-0.020,-0.006,0.073,0.239,0.084,31.434,125.188,33.145
37.6,-0.014,-0.010,0.003,0.074,0.228,0.082,31.581,125.654,33.311
37.8,0.004,0.000,0.023,0.077,0.212,0.082,31.748,126.137,33.491
38.0,-0.006,0.000,0.000,0.080,0.206,0.085,31.920,126.591,33.675
38.2,-0.007,0.020,-0.009,0.085,0.219,0.087,32.085,127.015,33.848
38.4,-0.000,0.000,0.002,0.091,0.236,0.085,32.279,127.518,34.037
38.6,0.000,0.000,0.003,0.095,0.255,0.081,32.485,128.061,34.220
38.8,0.011,-0.010,0.004,0.091,0.264,0.077,32.690,128.634,34.394
39.0,-0.009,-0.010,-0.006,0.090,0.259,0.075,32.869,129.159,34.546
39.2,0.000,0.000,-0.002,0.091,0.245,0.073,33.068,129.714,34.707
39.4,0.031,-0.010,0.008,0.092,0.229,0.073,33.270,130.235,34.869
39.6,-0.021,0.010,0.020,0.090,0.205,0.072,33.452,130.667,35.015
39.8,-0.001,0.000,0.006,0.089,0.191,0.084,33.647,131.095,35.186
40.0,0.017,0.020,-0.005,0.096,0.211,0.089,33.832,131.496,35.360
40.2,0.000,0.029,0.013,0.099,0.254,0.094,34.049,132.009,35.560
40.4,-0.010,0.020,0.012,0.098,0.293,0.103,34.247,132.562,35.757
40.6,0.009,0.010,0.023,0.094,0.330,0.122,34.460,133.253,36.006
40.8,0.012,0.010,0.012,0.087,0.353,0.136,34.659,134.010,36.293
41.0,-0.008,0.020,0.012,0.088,0.376,0.140,34.833,134.741,36.571
41.2,0.012,0.010,-0.005,0.089,0.395,0.140,35.028,135.592,36.880
41.4,0.002,-0.010,0.006,0.094,0.415,0.136,35.232,136.486,37.184
41.6,0.020,0.000,-0.010,0.095,0.427,0.129,35.422,137.328,37.449
41.8,-0.008,-0.010,0.011,0.094,0.438,0.118,35.630,138.279,37.718
42.0,0.000,0.029,0.001,0.093,0.457,0.110,35.836,139.263,37.968
42.2,-0.008,0.020,0.002,0.088,0.477,0.107,36.018,140.199,38.184
42.4,0.010,0.010,-0.005,0.084,0.497,0.100,36.207,141.275,38.412
42.6,-0.008,-0.010,0.013,0.078,0.508,0.093,36.368,142.283,38.604
42.8,-0.010,0.010,0.004,0.076,0.503,0.086,36.536,143.399,38.801
43.0,0.003,-0.010,-0.013,0.072,0.497,0.082,36.698,144.497,38.985
43.2,0.002,0.000,0.005,0.072,0.494,0.078,36.840,145.490,39.145
43.4,-0.001,-0.010,-0.005,0.075,0.490,0.075,36.987,146.473,39.298
43.6,0.001,0.010,0.004,0.076,0.478,0.073,37.153,147.536,39.458
43.8,0.012,0.010,-0.005,0.078,0.481,0.071,37.308,148.493,39.601
44.0,-0.010,0.010,0.011,0.083,0.488,0.071,37.485,149.559,39.757
44.2,0.017,0.000,0.001,0.087,0.504,0.071,37.655,150.551,39.901
44.4,-0.014,0.010,-0.018,0.092,0.525,0.065,37.853,151.685,40.051
44.6,-0.011,0.020,0.004,0.086,0.537,0.049,38.049,152.854,40.176
44.8,-0.011,0.010,0.006,0.084,0.551,0.039,38.218,153.944,40.262
45.0,0.006,0.020,-0.005,0.087,0.572,0.035,38.388,155.068,40.333
45.2,-0.017,0.020,-0.000,0.089,0.597,0.043,38.581,156.358,40.418
45.4,0.007,0.000,-0.001,0.084,0.613,0.048,38.755,157.571,40.510
45.6,0.000,0.000,-0.002,0.075,0.625,0.049,38.929,158.933,40.617
45.8,0.020,0.010,-0.002,0.070,0.635,0.050,39.074,160.194,40.717
46.0,-0.002,0.010,-0.002,0.071,0.651,0.052,39.228,161.609,40.828
46.2,0.008,0.000,0.003,0.075,0.665,0.046,39.375,162.927,40.928
46.4,-0.019,0.000,0.004,0.073,0.681,0.041,39.539,164.409,41.022
46.6,-0.012,0.020,0.009,0.068,0.693,0.031,39.693,165.923,41.101
46.8,-0.000,0.010,0.006,0.066,0.708,0.029,39.826,167.324,41.159
47.0,-0.007,-0.010,0.007,0.062,0.722,0.029,39.966,168.900,41.223
47.2,0.012,0.000,-0.001,0.063,0.742,0.031,40.104,170.509,41.290
47.4,0.004,0.000,-0.009,0.066,0.754,0.027,40.233,172.007,41.348
47.6,0.011,0.010,-0.007,0.069,0.769,0.022,40.381,173.683,41.401
47.8,0.000,0.020,-0.008,0.075,0.785,0.020,40.527,175.239,41.441
48.0,0.008,0.029,0.008,0.078,0.806,0.020,40.695,176.991,41.484
48.2,-0.001,-0.010,0.001,0.079,0.821,0.016,40.853,178.623,41.521
48.4,0.010,0.000,0.002,0.076,0.837,0.008,41.023,180.446,41.546
48.6,-0.015,0.010,0.012,0.067,0.859,0.004,41.167,182.144,41.557
48.8,-0.011,0.020,0.001,0.052,0.893,0.008,41.298,184.070,41.570
49.0,-0.009,0.020,0.008,0.039,0.935,0.016,41.395,186.085,41.598
49.2,0.008,0.010,-0.002,0.037,0.967,0.021,41.469,187.991,41.635
49.4,-0.003,-0.010,0.017,0.036,0.988,0.027,41.548,190.148,41.688
49.6,-0.003,0.000,0.005,0.038,0.995,0.033,41.629,192.329,41.753
49.8,0.004,0.000,0.014,0.043,1.003,0.040,41.710,194.329,41.826
50.0,0.005,0.020,0.002,0.042,1.016,0.051,41.795,196.347,41.919
50.2,0.005,0.000,-0.006,0.041,1.035,0.060,41.886,198.607,42.045
50.4,-0.006,0.000,0.012,0.042,1.032,0.061,41.974,200.882,42.180
50.6,0.005,-0.010,-0.004,0.042,1.035,0.056,42.059,202.949,42.298
50.8,0.003,0.000,0.006,0.046,1.037,0.048,42.154,205.228,42.411
51.0,-0.014,0.010,-0.018,0.051,1.037,0.042,42.262,207.512,42.510
51.2,-0.013,-0.010,-0.007,0.048,1.024,0.025,42.361,209.575,42.575
51.4,-0.001,-0.010,-0.022,0.047,0.998,0.006,42.466,211.798,42.609
51.6,0.018,-0.039,-0.008,0.048,0.966,-0.013,42.559,213.760,42.599
51.8,-0.001,0.000,-0.014,0.051,0.938,-0.030,42.669,215.851,42.548
52.0,-0.012,0.000,-0.000,0.050,0.913,-0.043,42.780,217.885,42.466
52.2,-0.002,-0.029,-0.009,0.047,0.885,-0.049,42.876,219.683,42.374
52.4,0.001,-0.010,-0.006,0.042,0.838,-0.057,42.974,221.576,42.257
52.6,0.010,-0.020,0.003,0.043,0.793,-0.063,43.058,223.203,42.136
52.8,0.010,-0.010,0.005,0.044,0.741,-0.066,43.155,224.883,41.994
53.0,-0.002,-0.010,0.007,0.048,0.701,-0.068,43.248,226.320,41.861
53.2,0.008,0.010,0.004,0.050,0.691,-0.063,43.357,227.844,41.717
53.4,-0.009,0.000,-0.004,0.052,0.700,-0.061,43.460,229.236,41.594
53.6,-0.000,0.010,0.005,0.051,0.704,-0.062,43.574,230.781,41.457
53.8,-0.002,0.000,0.013,0.051,0.712,-0.057,43.684,232.339,41.328
54.0,0.009,0.010,0.002,0.048,0.715,-0.053,43.784,233.767,41.218
54.2,-0.001,-0.020,0.002,0.045,0.705,-0.050,43.887,235.330,41.108
54.4,-0.002,0.020,0.001,0.043,0.687,-0.049,43.974,236.721,41.008
54.6,-0.002,-0.020,0.010,0.043,0.666,-0.045,44.060,238.073,40.914
54.8,-0.000,-0.010,0.017,0.037,0.642,-0.035,44.149,239.509,40.825
55.0,-0.010,-0.010,-0.005,0.035,0.624,-0.023,44.219,240.771,40.768
55.2,0.009,0.020,-0.005,0.034,0.615,-0.014,44.295,242.131,40.729
55.4,-0.001,-0.010,-0.007,0.036,0.616,-0.008,44.373,243.485,40.705
55.6,-0.008,-0.010,-0.007,0.034,0.615,-0.007,44.450,244.839,40.689
55.8,0.001,0.000,-0.006,0.031,0.609,-0.013,44.515,246.063,40.671
56.0,-0.000,0.010,0.012,0.032,0.617,-0.021,44.584,247.407,40.632
56.2,-0.009,0.020,-0.012,0.032,0.639,-0.031,44.648,248.665,40.581
56.4,0.002,0.020,-0.003,0.028,0.672,-0.038,44.713,250.109,40.503
