time,acc_x,acc_y,acc_z,vel_x,vel_y,vel_z,pos_x,pos_y,pos_z
0.2,-0.008,0.001,0.265,0.000,0.000,0.000,0.000,0.000,0.000
0.4,-0.004,0.015,0.206,0.000,0.000,0.000,0.000,0.000,0.000
0.6,-0.002,0.009,0.186,0.000,0.000,0.000,0.000,0.000,0.000
0.8,-0.001,0.001,0.147,0.000,0.000,0.000,0.000,0.000,0.000
1.0,-0.001,0.004,0.078,0.000,0.000,0.000,0.000,0.000,0.000
1.2,-0.000,-0.013,-0.010,0.000,0.000,0.000,0.000,0.000,0.000
1.4,-0.000,-0.002,-0.069,0.000,0.000,0.000,0.000,0.000,0.000
1.6,-0.000,0.002,-0.118,0.000,0.000,0.000,0.000,0.000,0.000
1.8,-0.000,0.005,-0.167,0.000,0.000,0.000,0.000,0.000,0.000
2.0,0.000,-0.002,-0.020,0.000,0.000,0.000,0.000,0.000,0.000
2.2,0.000,-0.010,-0.020,0.000,0.000,0.000,0.000,0.000,0.000
2.4,0.000,0.001,-0.029,0.000,0.000,0.000,0.000,0.000,0.000
2.6,-0.001,0.002,-0.039,0.000,0.000,0.000,0.000,0.000,0.000
2.8,-0.000,0.011,-0.029,0.000,0.000,0.000,0.000,0.000,0.000
3.0,-0.000,0.002,-0.010,0.000,0.000,0.000,0.000,0.000,0.000
3.2,-0.000,0.000,0.010,0.000,0.000,0.000,0.000,0.000,0.000
3.4,-0.001,0.001,0.010,0.000,0.000,0.000,0.000,0.000,0.000
3.6,0.008,0.012,0.010,0.000,0.000,0.000,0.000,0.000,0.000
3.8,-0.001,0.003,0.020,0.000,0.000,0.000,0.000,0.000,0.000
4.0,-0.001,0.012,0.000,0.000,0.000,0.000,0.000,0.000,0.000
4.2,-0.001,0.001,0.029,-0.001,0.001,0.006,-0.001,0.002,0.003
4.4,-0.002,0.009,0.029,-0.001,-0.002,0.030,-0.003,0.000,0.042
4.6,-0.002,0.000,0.020,0.001,-0.005,0.066,-0.003,-0.009,0.155
4.8,-0.002,0.010,0.000,-0.002,-0.006,0.083,-0.004,-0.020,0.328
5.0,-0.001,0.008,-0.020,-0.005,-0.004,0.066,-0.012,-0.034,0.510
5.2,-0.000,0.007,0.000,-0.007,-0.000,0.039,-0.025,-0.037,0.626
5.4,-0.001,-0.003,0.000,-0.006,0.001,0.014,-0.037,-0.036,0.680
5.6,-0.001,0.008,0.000,-0.005,-0.002,-0.005,-0.050,-0.035,0.685
5.8,-0.001,0.001,0.020,-0.003,-0.001,0.006,-0.059,-0.038,0.682
6.0,-0.001,0.008,0.010,-0.000,-0.001,0.029,-0.062,-0.041,0.718
6.2,0.009,0.007,0.020,0.003,-0.001,0.063,-0.060,-0.042,0.818
6.4,-0.003,0.006,0.029,0.008,0.001,0.101,-0.048,-0.042,0.998
6.6,0.007,-0.002,0.000,0.007,0.000,0.136,-0.032,-0.039,1.262
6.8,-0.002,-0.001,0.010,0.006,-0.001,0.160,-0.019,-0.040,1.558
7.0,-0.002,-0.002,0.010,0.007,0.001,0.188,-0.006,-0.042,1.940
7.2,-0.002,0.007,0.039,0.007,0.003,0.213,0.009,-0.038,2.340
7.4,-0.002,-0.003,0.029,0.008,0.009,0.252,0.024,-0.027,2.804
7.6,-0.001,-0.005,-0.010,0.007,0.012,0.271,0.039,-0.002,3.389
7.8,-0.002,-0.014,-0.010,0.009,0.009,0.265,0.056,0.019,3.926
8.0,-0.002,0.005,-0.010,0.009,0.008,0.252,0.076,0.038,4.495
8.2,0.018,0.004,0.010,0.011,0.009,0.238,0.097,0.057,5.034
8.4,0.008,0.003,0.010,0.013,0.010,0.229,0.124,0.078,5.547
8.6,-0.001,0.014,0.000,0.017,0.009,0.228,0.157,0.099,6.050
8.8,-0.003,-0.006,0.000,0.018,0.011,0.227,0.195,0.122,6.549
9.0,-0.002,0.015,0.000,0.020,0.008,0.223,0.234,0.140,6.999
9.2,-0.002,-0.003,0.000,0.020,0.005,0.215,0.279,0.154,7.482
9.4,-0.001,-0.005,-0.029,0.018,0.007,0.205,0.317,0.166,7.905
9.6,-0.001,0.003,-0.010,0.018,0.008,0.188,0.356,0.183,8.339
9.8,-0.002,0.003,-0.010,0.019,0.008,0.164,0.395,0.202,8.728
10.0,-0.001,0.003,-0.010,0.021,0.010,0.140,0.435,0.220,9.033
10.2,-0.001,0.003,-0.020,0.022,0.013,0.114,0.483,0.245,9.314
10.4,0.009,0.005,0.010,0.024,0.013,0.104,0.533,0.276,9.547
10.6,-0.001,-0.005,0.010,0.026,0.014,0.114,0.583,0.303,9.763
10.8,-0.002,-0.005,0.000,0.028,0.014,0.131,0.644,0.332,10.036
11.0,-0.002,-0.004,0.000,0.030,0.013,0.140,0.701,0.359,10.306
11.2,0.007,0.004,0.010,0.030,0.013,0.154,0.767,0.387,10.628
11.4,0.008,0.016,0.010,0.033,0.014,0.171,0.830,0.413,10.952
11.6,0.008,0.014,0.020,0.036,0.019,0.194,0.899,0.446,11.315
11.8,-0.002,0.003,0.010,0.039,0.024,0.226,0.975,0.489,11.734
12.0,-0.002,0.004,0.029,0.041,0.027,0.265,1.063,0.545,12.272
12.2,-0.002,0.002,0.000,0.041,0.028,0.309,1.154,0.605,12.906
12.4,-0.002,0.001,-0.020,0.040,0.029,0.324,1.235,0.663,13.543
12.6,-0.002,-0.008,0.000,0.039,0.029,0.317,1.321,0.727,14.249
12.8,-0.001,0.001,-0.010,0.038,0.027,0.301,1.398,0.782,14.870
13.0,0.009,0.001,-0.020,0.038,0.021,0.275,1.480,0.835,15.504
13.2,0.007,-0.007,0.000,0.040,0.014,0.249,1.566,0.874,16.077
13.4,-0.003,-0.006,0.000,0.041,0.006,0.241,1.656,0.895,16.614
13.6,-0.003,0.003,0.000,0.041,0.004,0.235,1.738,0.904,17.088
13.8,0.007,0.004,-0.020,0.040,0.000,0.236,1.827,0.909,17.604
14.0,0.007,-0.004,0.000,0.042,-0.003,0.230,1.916,0.906,18.116
14.2,0.006,-0.004,0.020,0.044,-0.006,0.239,2.011,0.895,18.627
14.4,-0.002,0.004,0.000,0.045,-0.008,0.259,2.102,0.881,19.124
14.6,-0.002,-0.008,0.000,0.042,-0.009,0.285,2.199,0.862,19.720
14.8,-0.001,-0.004,0.000,0.042,-0.012,0.311,2.291,0.840,20.378
15.0,-0.002,-0.003,0.000,0.046,-0.016,0.330,2.379,0.811,21.021
15.2,-0.004,0.008,-0.010,0.048,-0.019,0.333,2.482,0.772,21.753
15.4,0.006,0.006,-0.020,0.050,-0.021,0.332,2.590,0.727,22.485
15.6,0.005,0.005,0.010,0.052,-0.020,0.332,2.692,0.686,23.149
15.8,-0.004,0.004,0.039,0.052,-0.016,0.345,2.806,0.647,23.889
16.0,0.007,0.003,0.000,0.050,-0.008,0.379,2.908,0.623,24.616
16.2,-0.002,-0.006,0.010,0.048,-0.002,0.400,3.017,0.613,25.475
16.4,-0.002,0.001,0.020,0.048,0.004,0.418,3.113,0.615,26.291
16.6,-0.003,0.009,0.020,0.050,0.010,0.438,3.221,0.632,27.232
16.8,-0.002,0.010,0.010,0.049,0.008,0.455,3.331,0.653,28.214
17.0,-0.001,0.002,0.000,0.048,0.006,0.469,3.428,0.667,29.138
17.2,-0.002,-0.008,0.000,0.051,0.003,0.479,3.536,0.678,30.182
17.4,-0.003,-0.009,0.010,0.052,-0.000,0.481,3.638,0.681,31.143
17.6,0.006,-0.001,0.000,0.052,-0.005,0.478,3.751,0.675,32.199
17.8,-0.004,-0.002,0.000,0.052,-0.009,0.472,3.855,0.660,33.150
18.0,-0.003,-0.009,0.000,0.050,-0.012,0.461,3.967,0.637,34.177
18.2,-0.003,0.010,-0.029,0.048,-0.016,0.441,4.065,0.609,35.081
18.4,-0.003,0.001,-0.020,0.046,-0.016,0.403,4.168,0.572,36.012
18.6,-0.002,-0.007,-0.029,0.047,-0.020,0.363,4.260,0.537,36.779
18.8,0.005,0.003,-0.029,0.051,-0.020,0.318,4.365,0.492,37.527
19.0,-0.003,0.002,-0.029,0.056,-0.019,0.270,4.484,0.448,38.175
19.2,-0.003,-0.014,-0.029,0.055,-0.019,0.223,4.595,0.411,38.670
19.4,-0.002,0.003,-0.020,0.053,-0.024,0.168,4.714,0.363,39.099
19.6,-0.002,0.004,-0.020,0.050,-0.024,0.119,4.817,0.314,39.386
19.8,-0.002,-0.006,-0.010,0.050,-0.024,0.085,4.927,0.262,39.604
20.0,-0.001,0.014,-0.010,0.051,-0.025,0.073,5.038,0.207,39.775
20.2,-0.001,0.003,-0.020,0.054,-0.020,0.063,5.143,0.161,39.911
20.4,0.006,0.002,-0.010,0.059,-0.016,0.051,5.268,0.121,40.036
20.6,0.007,0.002,0.000,0.061,-0.017,0.037,5.400,0.085,40.135
20.8,-0.003,-0.009,-0.010,0.062,-0.019,0.025,5.524,0.049,40.197
21.0,-0.003,0.002,-0.010,0.061,-0.024,0.005,5.660,0.003,40.231
21.2,-0.002,-0.016,0.000,0.058,-0.028,-0.019,5.780,-0.050,40.217
21.4,-0.003,0.004,0.000,0.061,-0.032,-0.033,5.897,-0.109,40.163
21.6,0.006,-0.007,0.000,0.064,-0.034,-0.034,6.035,-0.182,40.088
21.8,-0.005,0.001,-0.010,0.066,-0.038,-0.043,6.178,-0.261,40.008
22.0,0.005,-0.007,-0.029,0.066,-0.043,-0.071,6.323,-0.350,39.884
22.2,-0.003,-0.004,-0.029,0.065,-0.051,-0.101,6.455,-0.444,39.714
22.4,-0.002,-0.004,-0.029,0.063,-0.054,-0.143,6.596,-0.560,39.447
22.6,-0.002,0.005,-0.029,0.064,-0.057,-0.188,6.735,-0.684,39.083
22.8,-0.003,0.004,-0.010,0.064,-0.056,-0.233,6.863,-0.797,38.661
23.0,-0.002,-0.005,-0.020,0.062,-0.055,-0.281,7.002,-0.918,38.096
23.2,0.017,-0.004,-0.029,0.064,-0.056,-0.331,7.140,-1.040,37.421
23.4,-0.004,-0.005,-0.029,0.068,-0.056,-0.374,7.284,-1.165,36.644
23.6,-0.003,-0.006,0.000,0.069,-0.057,-0.392,7.422,-1.277,35.872
23.8,0.006,-0.006,-0.010,0.069,-0.059,-0.388,7.574,-1.404,35.012
24.0,0.006,0.005,0.000,0.070,-0.065,-0.386,7.728,-1.540,34.162
24.2,-0.004,-0.005,0.000,0.069,-0.064,-0.383,7.866,-1.670,33.392
24.4,-0.004,-0.004,0.010,0.067,-0.062,-0.381,8.017,-1.809,32.550
24.6,-0.004,-0.005,0.010,0.064,-0.062,-0.380,8.148,-1.932,31.789
24.8,0.004,-0.005,0.000,0.063,-0.063,-0.372,8.288,-2.071,30.962
25.0,-0.004,-0.006,0.010,0.060,-0.064,-0.367,8.412,-2.198,30.223
25.2,-0.004,0.005,0.000,0.059,-0.069,-0.363,8.542,-2.345,29.420
25.4,-0.004,0.003,0.020,0.058,-0.066,-0.357,8.660,-2.481,28.699
25.6,-0.004,0.002,0.039,0.056,-0.061,-0.333,8.786,-2.621,27.935
25.8,-0.003,0.004,0.029,0.052,-0.059,-0.286,8.893,-2.741,27.313
26.0,0.005,-0.004,0.020,0.050,-0.058,-0.229,8.994,-2.857,26.798
26.2,-0.004,0.003,0.029,0.047,-0.055,-0.174,9.092,-2.972,26.395
26.4,-0.002,-0.006,-0.010,0.042,-0.051,-0.129,9.191,-3.088,26.069
26.6,-0.001,0.001,-0.020,0.038,-0.046,-0.124,9.278,-3.194,25.796
26.8,-0.003,-0.007,-0.029,0.038,-0.043,-0.150,9.360,-3.291,25.500
27.0,-0.002,0.003,-0.039,0.038,-0.047,-0.196,9.436,-3.381,25.157
27.2,-0.003,-0.005,-0.029,0.039,-0.052,-0.266,9.520,-3.490,24.652
27.4,-0.002,0.004,0.010,0.040,-0.057,-0.307,9.599,-3.600,24.072
27.6,0.007,-0.013,0.010,0.039,-0.061,-0.314,9.685,-3.728,23.384
27.8,-0.003,-0.012,0.000,0.042,-0.062,-0.313,9.774,-3.865,22.694
28.0,-0.002,-0.001,0.010,0.044,-0.062,-0.313,9.860,-3.990,22.068
28.2,-0.003,0.007,-0.020,0.046,-0.059,-0.312,9.958,-4.124,21.382
28.4,-0.004,-0.003,-0.010,0.049,-0.055,-0.325,10.063,-4.249,20.683
28.6,-0.004,0.005,-0.029,0.049,-0.056,-0.343,10.162,-4.361,20.018
28.8,-0.005,-0.004,0.000,0.047,-0.062,-0.367,10.266,-4.490,19.236
29.0,-0.004,-0.004,-0.010,0.045,-0.067,-0.390,10.368,-4.633,18.403
29.2,-0.003,-0.004,0.000,0.040,-0.069,-0.402,10.454,-4.769,17.610
29.4,0.005,-0.016,0.000,0.037,-0.072,-0.405,10.538,-4.924,16.720
29.6,-0.003,-0.006,0.010,0.034,-0.078,-0.399,10.617,-5.090,15.834
29.8,-0.004,-0.005,0.000,0.033,-0.082,-0.389,10.684,-5.250,15.045
30.0,-0.002,0.007,0.000,0.033,-0.085,-0.383,10.756,-5.434,14.196
30.2,0.008,-0.003,0.010,0.032,-0.085,-0.381,10.822,-5.604,13.433
30.4,-0.003,0.004,0.010,0.034,-0.082,-0.369,10.893,-5.787,12.607
30.6,-0.002,0.005,0.000,0.036,-0.081,-0.358,10.963,-5.950,11.878
30.8,-0.002,-0.003,0.039,0.036,-0.081,-0.340,11.035,-6.111,11.178
31.0,-0.001,0.006,0.000,0.037,-0.078,-0.301,11.116,-6.286,10.469
31.2,-0.002,0.005,0.000,0.039,-0.076,-0.280,11.199,-6.454,9.836
31.4,0.007,-0.005,-0.010,0.038,-0.075,-0.280,11.275,-6.604,9.278
31.6,-0.002,0.004,-0.020,0.036,-0.075,-0.289,11.357,-6.769,8.653
31.8,-0.002,-0.006,0.000,0.035,-0.073,-0.307,11.435,-6.931,7.999
32.0,-0.002,-0.004,0.000,0.035,-0.077,-0.336,11.505,-7.081,7.356
32.2,-0.003,-0.003,0.020,0.035,-0.080,-0.347,11.581,-7.254,6.602
32.4,-0.004,0.007,0.000,0.035,-0.080,-0.342,11.651,-7.416,5.911
32.6,0.004,0.007,0.010,0.036,-0.078,-0.336,11.729,-7.591,5.166
32.8,-0.005,0.009,0.010,0.037,-0.074,-0.327,11.810,-7.757,4.437
33.0,-0.003,0.008,0.000,0.034,-0.070,-0.321,11.881,-7.900,3.790
33.2,0.005,-0.003,0.020,0.034,-0.064,-0.314,11.954,-8.047,3.089
33.4,0.004,0.006,0.029,0.037,-0.059,-0.296,12.024,-8.171,2.476
33.6,-0.005,0.004,0.029,0.036,-0.054,-0.250,12.104,-8.295,1.870
33.8,0.006,0.004,0.029,0.032,-0.051,-0.194,12.173,-8.401,1.424
34.0,-0.003,-0.007,0.010,0.029,-0.045,-0.149,12.241,-8.506,1.053
34.2,-0.002,0.010,0.000,0.026,-0.039,-0.131,12.295,-8.590,0.775
34.4,-0.002,-0.008,0.000,0.024,-0.041,-0.113,12.351,-8.676,0.506
34.6,-0.002,0.003,0.010,0.023,-0.048,-0.097,12.402,-8.775,0.273
34.8,-0.002,0.002,0.000,0.023,-0.051,-0.077,12.448,-8.875,0.101
35.0,0.008,-0.007,0.000,0.025,-0.053,-0.061,12.499,-8.989,-0.052
35.2,0.008,-0.007,0.000,0.027,-0.056,-0.050,12.550,-9.098,-0.163
35.4,-0.001,0.003,0.010,0.028,-0.058,-0.038,12.610,-9.224,-0.261
35.6,0.007,0.003,0.000,0.032,-0.059,-0.025,12.670,-9.341,-0.323
35.8,0.008,-0.005,-0.020,0.035,-0.057,-0.014,12.745,-9.468,-0.364
36.0,-0.002,0.004,-0.010,0.039,-0.055,-0.029,12.819,-9.582,-0.403
36.2,-0.002,0.002,-0.020,0.040,-0.051,-0.062,12.906,-9.697,-0.501
36.4,-0.003,-0.006,-0.020,0.040,-0.051,-0.098,12.986,-9.798,-0.660
36.6,0.007,0.002,-0.020,0.039,-0.051,-0.143,13.072,-9.911,-0.925
36.8,0.007,0.002,-0.010,0.039,-0.052,-0.178,13.149,-10.014,-1.251
37.0,-0.003,-0.007,0.000,0.043,-0.051,-0.202,13.237,-10.125,-1.670
37.2,0.006,0.002,0.000,0.046,-0.053,-0.217,13.326,-10.231,-2.090
37.4,0.006,0.003,-0.020,0.049,-0.056,-0.231,13.430,-10.350,-2.583
37.6,0.006,-0.004,-0.010,0.051,-0.060,-0.251,13.541,-10.478,-3.113
37.8,-0.004,0.005,0.010,0.053,-0.062,-0.259,13.644,-10.600,-3.625
38.0,-0.003,0.004,0.000,0.050,-0.060,-0.256,13.758,-10.734,-4.193
38.2,0.006,0.003,0.010,0.048,-0.058,-0.250,13.865,-10.864,-4.749
38.4,-0.003,0.004,-0.010,0.048,-0.058,-0.246,13.961,-10.980,-5.244
38.6,0.007,-0.006,-0.020,0.048,-0.060,-0.242,14.057,-11.097,-5.732
38.8,0.007,-0.005,-0.020,0.048,-0.062,-0.260,14.164,-11.232,-6.279
39.0,-0.002,0.004,-0.020,0.047,-0.064,-0.287,14.269,-11.371,-6.881
39.2,-0.002,-0.005,-0.010,0.045,-0.066,-0.318,14.361,-11.500,-7.486
39.4,-0.002,-0.004,-0.020,0.046,-0.066,-0.348,14.461,-11.647,-8.219
39.6,-0.003,0.005,0.000,0.047,-0.064,-0.375,14.554,-11.779,-8.945
39.8,-0.003,-0.005,-0.010,0.049,-0.061,-0.390,14.660,-11.916,-9.789
40.0,-0.002,0.004,0.000,0.050,-0.059,-0.394,14.758,-12.036,-10.573
40.2,-0.004,0.002,0.020,0.052,-0.054,-0.395,14.860,-12.150,-11.364
40.4,-0.003,0.004,0.020,0.051,-0.056,-0.369,14.975,-12.269,-12.209
40.6,0.005,0.004,0.000,0.049,-0.057,-0.336,15.084,-12.394,-12.984
40.8,0.005,0.002,0.010,0.048,-0.055,-0.313,15.181,-12.506,-13.632
41.0,-0.003,0.001,0.010,0.044,-0.054,-0.287,15.283,-12.625,-14.292
41.2,-0.003,-0.009,0.000,0.043,-0.053,-0.268,15.370,-12.732,-14.844
41.4,-0.003,-0.006,0.010,0.040,-0.057,-0.254,15.461,-12.854,-15.421
41.6,-0.002,-0.005,0.010,0.042,-0.063,-0.235,15.543,-12.974,-15.912
41.8,-0.003,-0.006,0.000,0.042,-0.067,-0.213,15.635,-13.116,-16.405
42.0,0.005,0.014,0.000,0.042,-0.069,-0.197,15.719,-13.253,-16.816
42.2,0.005,-0.005,0.010,0.042,-0.069,-0.183,15.813,-13.403,-17.234
42.4,0.005,-0.006,-0.029,0.040,-0.073,-0.167,15.895,-13.546,-17.583
42.6,-0.004,0.004,-0.029,0.038,-0.081,-0.182,15.979,-13.716,-17.962
42.8,-0.003,0.003,0.000,0.037,-0.081,-0.210,16.055,-13.879,-18.353
43.0,-0.002,-0.007,0.000,0.035,-0.082,-0.241,16.133,-14.059,-18.848
43.2,-0.003,0.001,-0.010,0.036,-0.083,-0.278,16.203,-14.224,-19.363
43.4,0.006,-0.008,0.010,0.036,-0.088,-0.313,16.282,-14.411,-20.017
43.6,0.006,0.002,0.010,0.038,-0.093,-0.328,16.355,-14.592,-20.660
43.8,-0.002,-0.008,-0.010,0.036,-0.094,-0.329,16.438,-14.797,-21.384
44.0,-0.003,-0.005,0.000,0.036,-0.097,-0.330,16.510,-14.988,-22.043
44.2,-0.004,0.006,0.000,0.033,-0.103,-0.332,16.586,-15.207,-22.771
44.4,-0.005,0.007,0.010,0.032,-0.105,-0.333,16.650,-15.415,-23.437
44.6,-0.004,0.001,0.020,0.032,-0.109,-0.332,16.721,-15.650,-24.168
44.8,-0.003,0.000,-0.010,0.027,-0.104,-0.326,16.786,-15.886,-24.892
45.0,-0.003,0.007,0.000,0.023,-0.100,-0.318,16.836,-16.091,-25.536
45.2,0.008,0.006,0.029,0.020,-0.094,-0.301,16.878,-16.285,-26.158
45.4,-0.002,0.006,0.010,0.021,-0.088,-0.270,16.923,-16.485,-26.785
45.6,-0.001,0.004,0.010,0.020,-0.082,-0.245,16.963,-16.656,-27.301
45.8,-0.002,0.003,0.020,0.022,-0.078,-0.214,17.010,-16.831,-27.806
46.0,0.008,0.003,0.000,0.022,-0.078,-0.187,17.055,-16.987,-28.206
46.2,-0.002,0.013,-0.020,0.022,-0.080,-0.161,17.103,-17.160,-28.590
46.4,-0.001,0.003,-0.010,0.022,-0.082,-0.152,17.148,-17.321,-28.899
46.6,-0.001,0.004,0.000,0.024,-0.088,-0.156,17.199,-17.507,-29.236
46.8,0.008,0.004,-0.010,0.024,-0.091,-0.167,17.252,-17.703,-29.592
47.0,-0.001,0.005,0.000,0.025,-0.094,-0.177,17.301,-17.888,-29.935
47.2,0.009,0.006,0.000,0.024,-0.094,-0.183,17.355,-18.095,-30.333
47.4,-0.002,-0.004,0.000,0.027,-0.093,-0.190,17.407,-18.282,-30.706
47.6,-0.001,-0.006,-0.010,0.029,-0.091,-0.196,17.468,-18.486,-31.130
47.8,-0.002,-0.006,0.000,0.030,-0.092,-0.208,17.533,-18.687,-31.574
48.0,-0.002,0.003,-0.020,0.033,-0.091,-0.219,17.596,-18.871,-32.001
48.2,-0.005,-0.006,0.000,0.039,-0.092,-0.234,17.676,-19.071,-32.502
48.4,0.005,-0.006,0.000,0.039,-0.093,-0.240,17.755,-19.256,-32.977
48.6,0.005,0.003,0.000,0.038,-0.097,-0.239,17.841,-19.467,-33.503
48.8,0.006,-0.004,-0.010,0.034,-0.099,-0.241,17.920,-19.682,-34.029
49.0,-0.003,-0.006,0.000,0.032,-0.097,-0.244,17.986,-19.879,-34.515
49.2,-0.004,0.015,-0.010,0.031,-0.097,-0.249,18.055,-20.091,-35.053
49.4,0.005,0.004,0.010,0.029,-0.095,-0.265,18.114,-20.283,-35.567
49.6,0.005,0.003,0.000,0.027,-0.094,-0.276,18.175,-20.491,-36.163
49.8,-0.004,-0.006,0.010,0.025,-0.094,-0.272,18.227,-20.677,-36.714
50.0,-0.004,0.005,0.000,0.027,-0.099,-0.256,18.278,-20.870,-37.243
50.2,-0.004,-0.005,0.000,0.028,-0.099,-0.250,18.338,-21.088,-37.798
50.4,0.007,0.014,0.010,0.026,-0.097,-0.247,18.393,-21.284,-38.296
50.6,-0.002,0.011,0.010,0.026,-0.092,-0.234,18.450,-21.492,-38.827
50.8,-0.002,0.002,0.010,0.026,-0.092,-0.216,18.502,-21.675,-39.278
51.0,-0.002,-0.006,0.000,0.027,-0.097,-0.200,18.560,-21.883,-39.734
51.2,0.007,0.004,-0.029,0.029,-0.102,-0.202,18.615,-22.082,-40.132
51.4,-0.002,-0.005,-0.010,0.030,-0.102,-0.232,18.680,-22.307,-40.606
51.6,-0.001,0.003,-0.010,0.032,-0.104,-0.270,18.742,-22.512,-41.107
51.8,-0.001,-0.007,-0.029,0.035,-0.110,-0.319,18.816,-22.747,-41.754
52.0,0.008,-0.015,0.020,0.036,-0.116,-0.358,18.888,-22.974,-42.438
52.2,-0.003,0.004,0.000,0.040,-0.119,-0.359,18.971,-23.234,-43.231
52.4,0.008,-0.005,0.010,0.042,-0.118,-0.351,19.061,-23.495,-44.013
52.6,0.008,0.004,0.020,0.045,-0.117,-0.338,19.147,-23.731,-44.702
52.8,-0.003,-0.013,0.000,0.052,-0.115,-0.323,19.253,-23.987,-45.429
53.0,-0.002,0.006,0.000,0.054,-0.115,-0.312,19.370,-24.241,-46.127
53.2,0.008,-0.007,0.020,0.054,-0.109,-0.293,19.478,-24.466,-46.734
53.4,-0.002,0.002,0.039,0.057,-0.107,-0.257,19.589,-24.682,-47.287
53.6,-0.002,-0.008,0.039,0.057,-0.105,-0.199,19.715,-24.916,-47.791
53.8,-0.003,0.001,0.010,0.058,-0.102,-0.137,19.830,-25.123,-48.127
54.0,-0.003,0.011,0.010,0.057,-0.101,-0.100,19.957,-25.346,-48.381
54.2,-0.003,0.002,0.000,0.054,-0.101,-0.090,20.069,-25.547,-48.569
54.4,-0.002,0.001,0.010,0.051,-0.102,-0.080,20.185,-25.769,-48.756
54.6,-0.002,-0.008,0.010,0.049,-0.105,-0.066,20.285,-25.976,-48.903
54.8,0.018,0.001,0.000,0.047,-0.108,-0.052,20.390,-26.212,-49.030
55.0,-0.002,-0.011,0.000,0.050,-0.110,-0.047,20.486,-26.428,-49.128
55.2,0.006,-0.007,0.000,0.054,-0.117,-0.046,20.600,-26.677,-49.230
55.4,-0.002,0.002,-0.010,0.055,-0.123,-0.050,20.710,-26.919,-49.325
55.6,0.008,0.003,-0.020,0.052,-0.128,-0.068,20.828,-27.195,-49.452
55.8,-0.002,-0.006,0.000,0.051,-0.133,-0.089,20.941,-27.482,-49.627
56.0,0.006,0.005,0.000,0.053,-0.138,-0.100,21.044,-27.754,-49.818
56.2,-0.003,-0.004,0.010,0.054,-0.138,-0.109,21.152,-28.030,-50.026
56.4,-0.004,0.005,-0.010,0.053,-0.140,-0.116,21.269,-28.337,-50.275
56.6,-0.003,-0.005,-0.020,0.050,-0.139,-0.126,21.373,-28.616,-50.516
56.8,-0.002,-0.004,0.000,0.048,-0.141,-0.133,21.480,-28.924,-50.804
57.0,-0.002,0.006,0.010,0.048,-0.143,-0.127,21.585,-29.236,-51.092
57.2,-0.003,-0.012,0.010,0.047,-0.140,-0.118,21.681,-29.519,-51.336
57.4,-0.003,-0.000,0.010,0.050,-0.138,-0.114,21.788,-29.826,-51.590
57.6,-0.003,-0.002,0.000,0.054,-0.135,-0.103,21.892,-30.100,-51.807
57.8,-0.004,0.007,0.000,0.054,-0.133,-0.090,22.010,-30.395,-52.021
58.0,0.006,0.006,0.010,0.054,-0.128,-0.077,22.128,-30.682,-52.205
58.2,-0.003,0.005,0.010,0.053,-0.122,-0.065,22.236,-30.931,-52.348
58.4,-0.003,-0.003,0.000,0.053,-0.121,-0.047,22.342,-31.174,-52.460
58.6,-0.004,0.005,0.000,0.050,-0.120,-0.034,22.455,-31.440,-52.547
58.8,0.007,0.016,0.000,0.051,-0.119,-0.040,22.555,-31.678,-52.618
59.0,0.006,-0.003,-0.010,0.052,-0.117,-0.062,22.668,-31.937,-52.730
59.2,0.004,0.007,0.000,0.057,-0.119,-0.087,22.777,-32.172,-52.879
59.4,-0.005,0.014,0.000,0.059,-0.115,-0.101,22.894,-32.406,-53.069
59.6,0.012,0.003,0.000,0.058,-0.110,-0.105,23.022,-32.652,-53.297
59.8,-0.007,0.002,0.000,0.058,-0.109,-0.111,23.139,-32.869,-53.512
60.0,0.002,-0.007,-0.020,0.056,-0.109,-0.124,23.253,-33.086,-53.745
60.2,-0.007,-0.015,-0.010,0.050,-0.111,-0.144,23.371,-33.328,-54.039
60.4,0.003,0.004,-0.010,0.045,-0.114,-0.162,23.465,-33.554,-54.343
60.6,0.005,0.003,0.010,0.040,-0.111,-0.177,23.559,-33.803,-54.720
60.8,0.006,-0.007,-0.010,0.037,-0.107,-0.177,23.637,-34.021,-55.074
61.0,0.005,0.003,0.000,0.035,-0.106,-0.179,23.716,-34.253,-55.466
61.2,-0.003,0.013,-0.010,0.038,-0.111,-0.186,23.790,-34.470,-55.831
61.4,-0.002,-0.015,0.000,0.038,-0.113,-0.200,23.874,-34.717,-56.252
61.6,-0.002,0.004,-0.010,0.039,-0.116,-0.221,23.950,-34.946,-56.672
61.8,0.014,-0.004,0.000,0.040,-0.120,-0.253,24.035,-35.205,-57.192
