0.100000
0.090000
0.081000
0.072900
0.065610
0.059049
0.053144
0.047830
0.043047
0.038742
0.034868
0.031381
0.028243
0.025419
0.022877
0.020589
0.018530
0.016677
0.015009
0.013509
0.012158
0.010942
0.009848
0.008863
0.007977
0.007179
0.006461
0.005815
0.005233
0.004710
0.004239
0.003815
0.003434
0.003090
0.002781
0.002503
0.002253
0.002028
0.001825
0.001642
0.001478
0.001330
0.001197
0.001078
0.000970
0.000873
0.000786
0.000707
0.000636
0.000573
0.000515
0.000464
0.000417
0.000376
0.000338
0.000304
0.000274
0.000247
0.000222
0.000200
0.000180
0.000162
0.000146
0.000131
0.000118
0.000106
0.000096
0.000086
0.000077
0.000070
0.000063
0.000056
0.000051
0.000046
0.000041
0.000037
0.000033
0.000030
0.000027
0.000024
0.000022
0.000020
0.000018
0.000016
0.000014
0.000013
0.000012
0.000010
0.000009
0.000008
0.000008
0.000007
0.000006
0.000006
0.000005
0.000004
0.000004
0.000004
0.000003
0.000003
